(+1 -105 +15 +42 -7 +56 +47 -2 -98 -10 -108 +57 -50 -30 +8 -67 +31 -52 +115 -114 -54 +121 +102 +69 -120 +107 +112 -16 -36 -55 -40 +87 -110 -58 -96 -80 +51 -85 -41 +59 +95 +81 +29 +62 +44 -27 +43 +68 -6 -23 +104 +45 -103 -34 -35 +119 -66 -65 +90 +74 +73 -116 -76 -122 -61 +13 -63 +37 +79 -28 +117 +48 +18 +84 +5 -99 -14 -11 -46 +83 -91 +86 -89 -4 -20 +97 -64 -17 +101 +25 +53 +22 -75 +92 +12 +70 -94 +60 +109 +3 +33 +113 -32 -26 -93 -72 -9 -118 +49 +38 +77 +88 -78 -21 +111 +19 -71 -24 -39 +100 +106 +82)
(+1 +2 -47 -56 +7 -42 -15 +105 -98 -10 -108 +57 -50 -30 +8 -67 +31 -52 +115 -114 -54 +121 +102 +69 -120 +107 +112 -16 -36 -55 -40 +87 -110 -58 -96 -80 +51 -85 -41 +59 +95 +81 +29 +62 +44 -27 +43 +68 -6 -23 +104 +45 -103 -34 -35 +119 -66 -65 +90 +74 +73 -116 -76 -122 -61 +13 -63 +37 +79 -28 +117 +48 +18 +84 +5 -99 -14 -11 -46 +83 -91 +86 -89 -4 -20 +97 -64 -17 +101 +25 +53 +22 -75 +92 +12 +70 -94 +60 +109 +3 +33 +113 -32 -26 -93 -72 -9 -118 +49 +38 +77 +88 -78 -21 +111 +19 -71 -24 -39 +100 +106 +82)
(+1 +2 -3 -109 -60 +94 -70 -12 -92 +75 -22 -53 -25 -101 +17 +64 -97 +20 +4 +89 -86 +91 -83 +46 +11 +14 +99 -5 -84 -18 -48 -117 +28 -79 -37 +63 -13 +61 +122 +76 +116 -73 -74 -90 +65 +66 -119 +35 +34 +103 -45 -104 +23 +6 -68 -43 +27 -44 -62 -29 -81 -95 -59 +41 +85 -51 +80 +96 +58 +110 -87 +40 +55 +36 +16 -112 -107 +120 -69 -102 -121 +54 +114 -115 +52 -31 +67 -8 +30 +50 -57 +108 +10 +98 -105 +15 +42 -7 +56 +47 +33 +113 -32 -26 -93 -72 -9 -118 +49 +38 +77 +88 -78 -21 +111 +19 -71 -24 -39 +100 +106 +82)
(+1 +2 +3 -109 -60 +94 -70 -12 -92 +75 -22 -53 -25 -101 +17 +64 -97 +20 +4 +89 -86 +91 -83 +46 +11 +14 +99 -5 -84 -18 -48 -117 +28 -79 -37 +63 -13 +61 +122 +76 +116 -73 -74 -90 +65 +66 -119 +35 +34 +103 -45 -104 +23 +6 -68 -43 +27 -44 -62 -29 -81 -95 -59 +41 +85 -51 +80 +96 +58 +110 -87 +40 +55 +36 +16 -112 -107 +120 -69 -102 -121 +54 +114 -115 +52 -31 +67 -8 +30 +50 -57 +108 +10 +98 -105 +15 +42 -7 +56 +47 +33 +113 -32 -26 -93 -72 -9 -118 +49 +38 +77 +88 -78 -21 +111 +19 -71 -24 -39 +100 +106 +82)
(+1 +2 +3 -4 -20 +97 -64 -17 +101 +25 +53 +22 -75 +92 +12 +70 -94 +60 +109 +89 -86 +91 -83 +46 +11 +14 +99 -5 -84 -18 -48 -117 +28 -79 -37 +63 -13 +61 +122 +76 +116 -73 -74 -90 +65 +66 -119 +35 +34 +103 -45 -104 +23 +6 -68 -43 +27 -44 -62 -29 -81 -95 -59 +41 +85 -51 +80 +96 +58 +110 -87 +40 +55 +36 +16 -112 -107 +120 -69 -102 -121 +54 +114 -115 +52 -31 +67 -8 +30 +50 -57 +108 +10 +98 -105 +15 +42 -7 +56 +47 +33 +113 -32 -26 -93 -72 -9 -118 +49 +38 +77 +88 -78 -21 +111 +19 -71 -24 -39 +100 +106 +82)
(+1 +2 +3 +4 -20 +97 -64 -17 +101 +25 +53 +22 -75 +92 +12 +70 -94 +60 +109 +89 -86 +91 -83 +46 +11 +14 +99 -5 -84 -18 -48 -117 +28 -79 -37 +63 -13 +61 +122 +76 +116 -73 -74 -90 +65 +66 -119 +35 +34 +103 -45 -104 +23 +6 -68 -43 +27 -44 -62 -29 -81 -95 -59 +41 +85 -51 +80 +96 +58 +110 -87 +40 +55 +36 +16 -112 -107 +120 -69 -102 -121 +54 +114 -115 +52 -31 +67 -8 +30 +50 -57 +108 +10 +98 -105 +15 +42 -7 +56 +47 +33 +113 -32 -26 -93 -72 -9 -118 +49 +38 +77 +88 -78 -21 +111 +19 -71 -24 -39 +100 +106 +82)
(+1 +2 +3 +4 +5 -99 -14 -11 -46 +83 -91 +86 -89 -109 -60 +94 -70 -12 -92 +75 -22 -53 -25 -101 +17 +64 -97 +20 -84 -18 -48 -117 +28 -79 -37 +63 -13 +61 +122 +76 +116 -73 -74 -90 +65 +66 -119 +35 +34 +103 -45 -104 +23 +6 -68 -43 +27 -44 -62 -29 -81 -95 -59 +41 +85 -51 +80 +96 +58 +110 -87 +40 +55 +36 +16 -112 -107 +120 -69 -102 -121 +54 +114 -115 +52 -31 +67 -8 +30 +50 -57 +108 +10 +98 -105 +15 +42 -7 +56 +47 +33 +113 -32 -26 -93 -72 -9 -118 +49 +38 +77 +88 -78 -21 +111 +19 -71 -24 -39 +100 +106 +82)
(+1 +2 +3 +4 +5 -6 -23 +104 +45 -103 -34 -35 +119 -66 -65 +90 +74 +73 -116 -76 -122 -61 +13 -63 +37 +79 -28 +117 +48 +18 +84 -20 +97 -64 -17 +101 +25 +53 +22 -75 +92 +12 +70 -94 +60 +109 +89 -86 +91 -83 +46 +11 +14 +99 -68 -43 +27 -44 -62 -29 -81 -95 -59 +41 +85 -51 +80 +96 +58 +110 -87 +40 +55 +36 +16 -112 -107 +120 -69 -102 -121 +54 +114 -115 +52 -31 +67 -8 +30 +50 -57 +108 +10 +98 -105 +15 +42 -7 +56 +47 +33 +113 -32 -26 -93 -72 -9 -118 +49 +38 +77 +88 -78 -21 +111 +19 -71 -24 -39 +100 +106 +82)
(+1 +2 +3 +4 +5 +6 -23 +104 +45 -103 -34 -35 +119 -66 -65 +90 +74 +73 -116 -76 -122 -61 +13 -63 +37 +79 -28 +117 +48 +18 +84 -20 +97 -64 -17 +101 +25 +53 +22 -75 +92 +12 +70 -94 +60 +109 +89 -86 +91 -83 +46 +11 +14 +99 -68 -43 +27 -44 -62 -29 -81 -95 -59 +41 +85 -51 +80 +96 +58 +110 -87 +40 +55 +36 +16 -112 -107 +120 -69 -102 -121 +54 +114 -115 +52 -31 +67 -8 +30 +50 -57 +108 +10 +98 -105 +15 +42 -7 +56 +47 +33 +113 -32 -26 -93 -72 -9 -118 +49 +38 +77 +88 -78 -21 +111 +19 -71 -24 -39 +100 +106 +82)
(+1 +2 +3 +4 +5 +6 +7 -42 -15 +105 -98 -10 -108 +57 -50 -30 +8 -67 +31 -52 +115 -114 -54 +121 +102 +69 -120 +107 +112 -16 -36 -55 -40 +87 -110 -58 -96 -80 +51 -85 -41 +59 +95 +81 +29 +62 +44 -27 +43 +68 -99 -14 -11 -46 +83 -91 +86 -89 -109 -60 +94 -70 -12 -92 +75 -22 -53 -25 -101 +17 +64 -97 +20 -84 -18 -48 -117 +28 -79 -37 +63 -13 +61 +122 +76 +116 -73 -74 -90 +65 +66 -119 +35 +34 +103 -45 -104 +23 +56 +47 +33 +113 -32 -26 -93 -72 -9 -118 +49 +38 +77 +88 -78 -21 +111 +19 -71 -24 -39 +100 +106 +82)
(+1 +2 +3 +4 +5 +6 +7 -8 +30 +50 -57 +108 +10 +98 -105 +15 +42 -67 +31 -52 +115 -114 -54 +121 +102 +69 -120 +107 +112 -16 -36 -55 -40 +87 -110 -58 -96 -80 +51 -85 -41 +59 +95 +81 +29 +62 +44 -27 +43 +68 -99 -14 -11 -46 +83 -91 +86 -89 -109 -60 +94 -70 -12 -92 +75 -22 -53 -25 -101 +17 +64 -97 +20 -84 -18 -48 -117 +28 -79 -37 +63 -13 +61 +122 +76 +116 -73 -74 -90 +65 +66 -119 +35 +34 +103 -45 -104 +23 +56 +47 +33 +113 -32 -26 -93 -72 -9 -118 +49 +38 +77 +88 -78 -21 +111 +19 -71 -24 -39 +100 +106 +82)
(+1 +2 +3 +4 +5 +6 +7 +8 +30 +50 -57 +108 +10 +98 -105 +15 +42 -67 +31 -52 +115 -114 -54 +121 +102 +69 -120 +107 +112 -16 -36 -55 -40 +87 -110 -58 -96 -80 +51 -85 -41 +59 +95 +81 +29 +62 +44 -27 +43 +68 -99 -14 -11 -46 +83 -91 +86 -89 -109 -60 +94 -70 -12 -92 +75 -22 -53 -25 -101 +17 +64 -97 +20 -84 -18 -48 -117 +28 -79 -37 +63 -13 +61 +122 +76 +116 -73 -74 -90 +65 +66 -119 +35 +34 +103 -45 -104 +23 +56 +47 +33 +113 -32 -26 -93 -72 -9 -118 +49 +38 +77 +88 -78 -21 +111 +19 -71 -24 -39 +100 +106 +82)
(+1 +2 +3 +4 +5 +6 +7 +8 +9 +72 +93 +26 +32 -113 -33 -47 -56 -23 +104 +45 -103 -34 -35 +119 -66 -65 +90 +74 +73 -116 -76 -122 -61 +13 -63 +37 +79 -28 +117 +48 +18 +84 -20 +97 -64 -17 +101 +25 +53 +22 -75 +92 +12 +70 -94 +60 +109 +89 -86 +91 -83 +46 +11 +14 +99 -68 -43 +27 -44 -62 -29 -81 -95 -59 +41 +85 -51 +80 +96 +58 +110 -87 +40 +55 +36 +16 -112 -107 +120 -69 -102 -121 +54 +114 -115 +52 -31 +67 -42 -15 +105 -98 -10 -108 +57 -50 -30 -118 +49 +38 +77 +88 -78 -21 +111 +19 -71 -24 -39 +100 +106 +82)
(+1 +2 +3 +4 +5 +6 +7 +8 +9 +10 +98 -105 +15 +42 -67 +31 -52 +115 -114 -54 +121 +102 +69 -120 +107 +112 -16 -36 -55 -40 +87 -110 -58 -96 -80 +51 -85 -41 +59 +95 +81 +29 +62 +44 -27 +43 +68 -99 -14 -11 -46 +83 -91 +86 -89 -109 -60 +94 -70 -12 -92 +75 -22 -53 -25 -101 +17 +64 -97 +20 -84 -18 -48 -117 +28 -79 -37 +63 -13 +61 +122 +76 +116 -73 -74 -90 +65 +66 -119 +35 +34 +103 -45 -104 +23 +56 +47 +33 +113 -32 -26 -93 -72 -108 +57 -50 -30 -118 +49 +38 +77 +88 -78 -21 +111 +19 -71 -24 -39 +100 +106 +82)
(+1 +2 +3 +4 +5 +6 +7 +8 +9 +10 +11 +14 +99 -68 -43 +27 -44 -62 -29 -81 -95 -59 +41 +85 -51 +80 +96 +58 +110 -87 +40 +55 +36 +16 -112 -107 +120 -69 -102 -121 +54 +114 -115 +52 -31 +67 -42 -15 +105 -98 -46 +83 -91 +86 -89 -109 -60 +94 -70 -12 -92 +75 -22 -53 -25 -101 +17 +64 -97 +20 -84 -18 -48 -117 +28 -79 -37 +63 -13 +61 +122 +76 +116 -73 -74 -90 +65 +66 -119 +35 +34 +103 -45 -104 +23 +56 +47 +33 +113 -32 -26 -93 -72 -108 +57 -50 -30 -118 +49 +38 +77 +88 -78 -21 +111 +19 -71 -24 -39 +100 +106 +82)
(+1 +2 +3 +4 +5 +6 +7 +8 +9 +10 +11 +12 +70 -94 +60 +109 +89 -86 +91 -83 +46 +98 -105 +15 +42 -67 +31 -52 +115 -114 -54 +121 +102 +69 -120 +107 +112 -16 -36 -55 -40 +87 -110 -58 -96 -80 +51 -85 -41 +59 +95 +81 +29 +62 +44 -27 +43 +68 -99 -14 -92 +75 -22 -53 -25 -101 +17 +64 -97 +20 -84 -18 -48 -117 +28 -79 -37 +63 -13 +61 +122 +76 +116 -73 -74 -90 +65 +66 -119 +35 +34 +103 -45 -104 +23 +56 +47 +33 +113 -32 -26 -93 -72 -108 +57 -50 -30 -118 +49 +38 +77 +88 -78 -21 +111 +19 -71 -24 -39 +100 +106 +82)
(+1 +2 +3 +4 +5 +6 +7 +8 +9 +10 +11 +12 +13 -63 +37 +79 -28 +117 +48 +18 +84 -20 +97 -64 -17 +101 +25 +53 +22 -75 +92 +14 +99 -68 -43 +27 -44 -62 -29 -81 -95 -59 +41 +85 -51 +80 +96 +58 +110 -87 +40 +55 +36 +16 -112 -107 +120 -69 -102 -121 +54 +114 -115 +52 -31 +67 -42 -15 +105 -98 -46 +83 -91 +86 -89 -109 -60 +94 -70 +61 +122 +76 +116 -73 -74 -90 +65 +66 -119 +35 +34 +103 -45 -104 +23 +56 +47 +33 +113 -32 -26 -93 -72 -108 +57 -50 -30 -118 +49 +38 +77 +88 -78 -21 +111 +19 -71 -24 -39 +100 +106 +82)
(+1 +2 +3 +4 +5 +6 +7 +8 +9 +10 +11 +12 +13 -14 -92 +75 -22 -53 -25 -101 +17 +64 -97 +20 -84 -18 -48 -117 +28 -79 -37 +63 +99 -68 -43 +27 -44 -62 -29 -81 -95 -59 +41 +85 -51 +80 +96 +58 +110 -87 +40 +55 +36 +16 -112 -107 +120 -69 -102 -121 +54 +114 -115 +52 -31 +67 -42 -15 +105 -98 -46 +83 -91 +86 -89 -109 -60 +94 -70 +61 +122 +76 +116 -73 -74 -90 +65 +66 -119 +35 +34 +103 -45 -104 +23 +56 +47 +33 +113 -32 -26 -93 -72 -108 +57 -50 -30 -118 +49 +38 +77 +88 -78 -21 +111 +19 -71 -24 -39 +100 +106 +82)
(+1 +2 +3 +4 +5 +6 +7 +8 +9 +10 +11 +12 +13 +14 -92 +75 -22 -53 -25 -101 +17 +64 -97 +20 -84 -18 -48 -117 +28 -79 -37 +63 +99 -68 -43 +27 -44 -62 -29 -81 -95 -59 +41 +85 -51 +80 +96 +58 +110 -87 +40 +55 +36 +16 -112 -107 +120 -69 -102 -121 +54 +114 -115 +52 -31 +67 -42 -15 +105 -98 -46 +83 -91 +86 -89 -109 -60 +94 -70 +61 +122 +76 +116 -73 -74 -90 +65 +66 -119 +35 +34 +103 -45 -104 +23 +56 +47 +33 +113 -32 -26 -93 -72 -108 +57 -50 -30 -118 +49 +38 +77 +88 -78 -21 +111 +19 -71 -24 -39 +100 +106 +82)
(+1 +2 +3 +4 +5 +6 +7 +8 +9 +10 +11 +12 +13 +14 +15 +42 -67 +31 -52 +115 -114 -54 +121 +102 +69 -120 +107 +112 -16 -36 -55 -40 +87 -110 -58 -96 -80 +51 -85 -41 +59 +95 +81 +29 +62 +44 -27 +43 +68 -99 -63 +37 +79 -28 +117 +48 +18 +84 -20 +97 -64 -17 +101 +25 +53 +22 -75 +92 +105 -98 -46 +83 -91 +86 -89 -109 -60 +94 -70 +61 +122 +76 +116 -73 -74 -90 +65 +66 -119 +35 +34 +103 -45 -104 +23 +56 +47 +33 +113 -32 -26 -93 -72 -108 +57 -50 -30 -118 +49 +38 +77 +88 -78 -21 +111 +19 -71 -24 -39 +100 +106 +82)
(+1 +2 +3 +4 +5 +6 +7 +8 +9 +10 +11 +12 +13 +14 +15 +16 -112 -107 +120 -69 -102 -121 +54 +114 -115 +52 -31 +67 -42 -36 -55 -40 +87 -110 -58 -96 -80 +51 -85 -41 +59 +95 +81 +29 +62 +44 -27 +43 +68 -99 -63 +37 +79 -28 +117 +48 +18 +84 -20 +97 -64 -17 +101 +25 +53 +22 -75 +92 +105 -98 -46 +83 -91 +86 -89 -109 -60 +94 -70 +61 +122 +76 +116 -73 -74 -90 +65 +66 -119 +35 +34 +103 -45 -104 +23 +56 +47 +33 +113 -32 -26 -93 -72 -108 +57 -50 -30 -118 +49 +38 +77 +88 -78 -21 +111 +19 -71 -24 -39 +100 +106 +82)
(+1 +2 +3 +4 +5 +6 +7 +8 +9 +10 +11 +12 +13 +14 +15 +16 +17 +64 -97 +20 -84 -18 -48 -117 +28 -79 -37 +63 +99 -68 -43 +27 -44 -62 -29 -81 -95 -59 +41 +85 -51 +80 +96 +58 +110 -87 +40 +55 +36 +42 -67 +31 -52 +115 -114 -54 +121 +102 +69 -120 +107 +112 +101 +25 +53 +22 -75 +92 +105 -98 -46 +83 -91 +86 -89 -109 -60 +94 -70 +61 +122 +76 +116 -73 -74 -90 +65 +66 -119 +35 +34 +103 -45 -104 +23 +56 +47 +33 +113 -32 -26 -93 -72 -108 +57 -50 -30 -118 +49 +38 +77 +88 -78 -21 +111 +19 -71 -24 -39 +100 +106 +82)
(+1 +2 +3 +4 +5 +6 +7 +8 +9 +10 +11 +12 +13 +14 +15 +16 +17 +18 +84 -20 +97 -64 -48 -117 +28 -79 -37 +63 +99 -68 -43 +27 -44 -62 -29 -81 -95 -59 +41 +85 -51 +80 +96 +58 +110 -87 +40 +55 +36 +42 -67 +31 -52 +115 -114 -54 +121 +102 +69 -120 +107 +112 +101 +25 +53 +22 -75 +92 +105 -98 -46 +83 -91 +86 -89 -109 -60 +94 -70 +61 +122 +76 +116 -73 -74 -90 +65 +66 -119 +35 +34 +103 -45 -104 +23 +56 +47 +33 +113 -32 -26 -93 -72 -108 +57 -50 -30 -118 +49 +38 +77 +88 -78 -21 +111 +19 -71 -24 -39 +100 +106 +82)
(+1 +2 +3 +4 +5 +6 +7 +8 +9 +10 +11 +12 +13 +14 +15 +16 +17 +18 -19 -111 +21 +78 -88 -77 -38 -49 +118 +30 +50 -57 +108 +72 +93 +26 +32 -113 -33 -47 -56 -23 +104 +45 -103 -34 -35 +119 -66 -65 +90 +74 +73 -116 -76 -122 -61 +70 -94 +60 +109 +89 -86 +91 -83 +46 +98 -105 -92 +75 -22 -53 -25 -101 -112 -107 +120 -69 -102 -121 +54 +114 -115 +52 -31 +67 -42 -36 -55 -40 +87 -110 -58 -96 -80 +51 -85 -41 +59 +95 +81 +29 +62 +44 -27 +43 +68 -99 -63 +37 +79 -28 +117 +48 +64 -97 +20 -84 -71 -24 -39 +100 +106 +82)
(+1 +2 +3 +4 +5 +6 +7 +8 +9 +10 +11 +12 +13 +14 +15 +16 +17 +18 +19 -111 +21 +78 -88 -77 -38 -49 +118 +30 +50 -57 +108 +72 +93 +26 +32 -113 -33 -47 -56 -23 +104 +45 -103 -34 -35 +119 -66 -65 +90 +74 +73 -116 -76 -122 -61 +70 -94 +60 +109 +89 -86 +91 -83 +46 +98 -105 -92 +75 -22 -53 -25 -101 -112 -107 +120 -69 -102 -121 +54 +114 -115 +52 -31 +67 -42 -36 -55 -40 +87 -110 -58 -96 -80 +51 -85 -41 +59 +95 +81 +29 +62 +44 -27 +43 +68 -99 -63 +37 +79 -28 +117 +48 +64 -97 +20 -84 -71 -24 -39 +100 +106 +82)
(+1 +2 +3 +4 +5 +6 +7 +8 +9 +10 +11 +12 +13 +14 +15 +16 +17 +18 +19 -20 +97 -64 -48 -117 +28 -79 -37 +63 +99 -68 -43 +27 -44 -62 -29 -81 -95 -59 +41 +85 -51 +80 +96 +58 +110 -87 +40 +55 +36 +42 -67 +31 -52 +115 -114 -54 +121 +102 +69 -120 +107 +112 +101 +25 +53 +22 -75 +92 +105 -98 -46 +83 -91 +86 -89 -109 -60 +94 -70 +61 +122 +76 +116 -73 -74 -90 +65 +66 -119 +35 +34 +103 -45 -104 +23 +56 +47 +33 +113 -32 -26 -93 -72 -108 +57 -50 -30 -118 +49 +38 +77 +88 -78 -21 +111 -84 -71 -24 -39 +100 +106 +82)
(+1 +2 +3 +4 +5 +6 +7 +8 +9 +10 +11 +12 +13 +14 +15 +16 +17 +18 +19 +20 +97 -64 -48 -117 +28 -79 -37 +63 +99 -68 -43 +27 -44 -62 -29 -81 -95 -59 +41 +85 -51 +80 +96 +58 +110 -87 +40 +55 +36 +42 -67 +31 -52 +115 -114 -54 +121 +102 +69 -120 +107 +112 +101 +25 +53 +22 -75 +92 +105 -98 -46 +83 -91 +86 -89 -109 -60 +94 -70 +61 +122 +76 +116 -73 -74 -90 +65 +66 -119 +35 +34 +103 -45 -104 +23 +56 +47 +33 +113 -32 -26 -93 -72 -108 +57 -50 -30 -118 +49 +38 +77 +88 -78 -21 +111 -84 -71 -24 -39 +100 +106 +82)
(+1 +2 +3 +4 +5 +6 +7 +8 +9 +10 +11 +12 +13 +14 +15 +16 +17 +18 +19 +20 +21 +78 -88 -77 -38 -49 +118 +30 +50 -57 +108 +72 +93 +26 +32 -113 -33 -47 -56 -23 +104 +45 -103 -34 -35 +119 -66 -65 +90 +74 +73 -116 -76 -122 -61 +70 -94 +60 +109 +89 -86 +91 -83 +46 +98 -105 -92 +75 -22 -53 -25 -101 -112 -107 +120 -69 -102 -121 +54 +114 -115 +52 -31 +67 -42 -36 -55 -40 +87 -110 -58 -96 -80 +51 -85 -41 +59 +95 +81 +29 +62 +44 -27 +43 +68 -99 -63 +37 +79 -28 +117 +48 +64 -97 +111 -84 -71 -24 -39 +100 +106 +82)
(+1 +2 +3 +4 +5 +6 +7 +8 +9 +10 +11 +12 +13 +14 +15 +16 +17 +18 +19 +20 +21 +22 -75 +92 +105 -98 -46 +83 -91 +86 -89 -109 -60 +94 -70 +61 +122 +76 +116 -73 -74 -90 +65 +66 -119 +35 +34 +103 -45 -104 +23 +56 +47 +33 +113 -32 -26 -93 -72 -108 +57 -50 -30 -118 +49 +38 +77 +88 -78 -53 -25 -101 -112 -107 +120 -69 -102 -121 +54 +114 -115 +52 -31 +67 -42 -36 -55 -40 +87 -110 -58 -96 -80 +51 -85 -41 +59 +95 +81 +29 +62 +44 -27 +43 +68 -99 -63 +37 +79 -28 +117 +48 +64 -97 +111 -84 -71 -24 -39 +100 +106 +82)
(+1 +2 +3 +4 +5 +6 +7 +8 +9 +10 +11 +12 +13 +14 +15 +16 +17 +18 +19 +20 +21 +22 -23 +104 +45 -103 -34 -35 +119 -66 -65 +90 +74 +73 -116 -76 -122 -61 +70 -94 +60 +109 +89 -86 +91 -83 +46 +98 -105 -92 +75 +56 +47 +33 +113 -32 -26 -93 -72 -108 +57 -50 -30 -118 +49 +38 +77 +88 -78 -53 -25 -101 -112 -107 +120 -69 -102 -121 +54 +114 -115 +52 -31 +67 -42 -36 -55 -40 +87 -110 -58 -96 -80 +51 -85 -41 +59 +95 +81 +29 +62 +44 -27 +43 +68 -99 -63 +37 +79 -28 +117 +48 +64 -97 +111 -84 -71 -24 -39 +100 +106 +82)
(+1 +2 +3 +4 +5 +6 +7 +8 +9 +10 +11 +12 +13 +14 +15 +16 +17 +18 +19 +20 +21 +22 +23 +104 +45 -103 -34 -35 +119 -66 -65 +90 +74 +73 -116 -76 -122 -61 +70 -94 +60 +109 +89 -86 +91 -83 +46 +98 -105 -92 +75 +56 +47 +33 +113 -32 -26 -93 -72 -108 +57 -50 -30 -118 +49 +38 +77 +88 -78 -53 -25 -101 -112 -107 +120 -69 -102 -121 +54 +114 -115 +52 -31 +67 -42 -36 -55 -40 +87 -110 -58 -96 -80 +51 -85 -41 +59 +95 +81 +29 +62 +44 -27 +43 +68 -99 -63 +37 +79 -28 +117 +48 +64 -97 +111 -84 -71 -24 -39 +100 +106 +82)
(+1 +2 +3 +4 +5 +6 +7 +8 +9 +10 +11 +12 +13 +14 +15 +16 +17 +18 +19 +20 +21 +22 +23 +24 +71 +84 -111 +97 -64 -48 -117 +28 -79 -37 +63 +99 -68 -43 +27 -44 -62 -29 -81 -95 -59 +41 +85 -51 +80 +96 +58 +110 -87 +40 +55 +36 +42 -67 +31 -52 +115 -114 -54 +121 +102 +69 -120 +107 +112 +101 +25 +53 +78 -88 -77 -38 -49 +118 +30 +50 -57 +108 +72 +93 +26 +32 -113 -33 -47 -56 -75 +92 +105 -98 -46 +83 -91 +86 -89 -109 -60 +94 -70 +61 +122 +76 +116 -73 -74 -90 +65 +66 -119 +35 +34 +103 -45 -104 -39 +100 +106 +82)
(+1 +2 +3 +4 +5 +6 +7 +8 +9 +10 +11 +12 +13 +14 +15 +16 +17 +18 +19 +20 +21 +22 +23 +24 -25 -101 -112 -107 +120 -69 -102 -121 +54 +114 -115 +52 -31 +67 -42 -36 -55 -40 +87 -110 -58 -96 -80 +51 -85 -41 +59 +95 +81 +29 +62 +44 -27 +43 +68 -99 -63 +37 +79 -28 +117 +48 +64 -97 +111 -84 -71 +53 +78 -88 -77 -38 -49 +118 +30 +50 -57 +108 +72 +93 +26 +32 -113 -33 -47 -56 -75 +92 +105 -98 -46 +83 -91 +86 -89 -109 -60 +94 -70 +61 +122 +76 +116 -73 -74 -90 +65 +66 -119 +35 +34 +103 -45 -104 -39 +100 +106 +82)
(+1 +2 +3 +4 +5 +6 +7 +8 +9 +10 +11 +12 +13 +14 +15 +16 +17 +18 +19 +20 +21 +22 +23 +24 +25 -101 -112 -107 +120 -69 -102 -121 +54 +114 -115 +52 -31 +67 -42 -36 -55 -40 +87 -110 -58 -96 -80 +51 -85 -41 +59 +95 +81 +29 +62 +44 -27 +43 +68 -99 -63 +37 +79 -28 +117 +48 +64 -97 +111 -84 -71 +53 +78 -88 -77 -38 -49 +118 +30 +50 -57 +108 +72 +93 +26 +32 -113 -33 -47 -56 -75 +92 +105 -98 -46 +83 -91 +86 -89 -109 -60 +94 -70 +61 +122 +76 +116 -73 -74 -90 +65 +66 -119 +35 +34 +103 -45 -104 -39 +100 +106 +82)
(+1 +2 +3 +4 +5 +6 +7 +8 +9 +10 +11 +12 +13 +14 +15 +16 +17 +18 +19 +20 +21 +22 +23 +24 +25 -26 -93 -72 -108 +57 -50 -30 -118 +49 +38 +77 +88 -78 -53 +71 +84 -111 +97 -64 -48 -117 +28 -79 -37 +63 +99 -68 -43 +27 -44 -62 -29 -81 -95 -59 +41 +85 -51 +80 +96 +58 +110 -87 +40 +55 +36 +42 -67 +31 -52 +115 -114 -54 +121 +102 +69 -120 +107 +112 +101 +32 -113 -33 -47 -56 -75 +92 +105 -98 -46 +83 -91 +86 -89 -109 -60 +94 -70 +61 +122 +76 +116 -73 -74 -90 +65 +66 -119 +35 +34 +103 -45 -104 -39 +100 +106 +82)
(+1 +2 +3 +4 +5 +6 +7 +8 +9 +10 +11 +12 +13 +14 +15 +16 +17 +18 +19 +20 +21 +22 +23 +24 +25 +26 -93 -72 -108 +57 -50 -30 -118 +49 +38 +77 +88 -78 -53 +71 +84 -111 +97 -64 -48 -117 +28 -79 -37 +63 +99 -68 -43 +27 -44 -62 -29 -81 -95 -59 +41 +85 -51 +80 +96 +58 +110 -87 +40 +55 +36 +42 -67 +31 -52 +115 -114 -54 +121 +102 +69 -120 +107 +112 +101 +32 -113 -33 -47 -56 -75 +92 +105 -98 -46 +83 -91 +86 -89 -109 -60 +94 -70 +61 +122 +76 +116 -73 -74 -90 +65 +66 -119 +35 +34 +103 -45 -104 -39 +100 +106 +82)
(+1 +2 +3 +4 +5 +6 +7 +8 +9 +10 +11 +12 +13 +14 +15 +16 +17 +18 +19 +20 +21 +22 +23 +24 +25 +26 -27 +43 +68 -99 -63 +37 +79 -28 +117 +48 +64 -97 +111 -84 -71 +53 +78 -88 -77 -38 -49 +118 +30 +50 -57 +108 +72 +93 -44 -62 -29 -81 -95 -59 +41 +85 -51 +80 +96 +58 +110 -87 +40 +55 +36 +42 -67 +31 -52 +115 -114 -54 +121 +102 +69 -120 +107 +112 +101 +32 -113 -33 -47 -56 -75 +92 +105 -98 -46 +83 -91 +86 -89 -109 -60 +94 -70 +61 +122 +76 +116 -73 -74 -90 +65 +66 -119 +35 +34 +103 -45 -104 -39 +100 +106 +82)
(+1 +2 +3 +4 +5 +6 +7 +8 +9 +10 +11 +12 +13 +14 +15 +16 +17 +18 +19 +20 +21 +22 +23 +24 +25 +26 +27 +43 +68 -99 -63 +37 +79 -28 +117 +48 +64 -97 +111 -84 -71 +53 +78 -88 -77 -38 -49 +118 +30 +50 -57 +108 +72 +93 -44 -62 -29 -81 -95 -59 +41 +85 -51 +80 +96 +58 +110 -87 +40 +55 +36 +42 -67 +31 -52 +115 -114 -54 +121 +102 +69 -120 +107 +112 +101 +32 -113 -33 -47 -56 -75 +92 +105 -98 -46 +83 -91 +86 -89 -109 -60 +94 -70 +61 +122 +76 +116 -73 -74 -90 +65 +66 -119 +35 +34 +103 -45 -104 -39 +100 +106 +82)
(+1 +2 +3 +4 +5 +6 +7 +8 +9 +10 +11 +12 +13 +14 +15 +16 +17 +18 +19 +20 +21 +22 +23 +24 +25 +26 +27 +28 -79 -37 +63 +99 -68 -43 +117 +48 +64 -97 +111 -84 -71 +53 +78 -88 -77 -38 -49 +118 +30 +50 -57 +108 +72 +93 -44 -62 -29 -81 -95 -59 +41 +85 -51 +80 +96 +58 +110 -87 +40 +55 +36 +42 -67 +31 -52 +115 -114 -54 +121 +102 +69 -120 +107 +112 +101 +32 -113 -33 -47 -56 -75 +92 +105 -98 -46 +83 -91 +86 -89 -109 -60 +94 -70 +61 +122 +76 +116 -73 -74 -90 +65 +66 -119 +35 +34 +103 -45 -104 -39 +100 +106 +82)
(+1 +2 +3 +4 +5 +6 +7 +8 +9 +10 +11 +12 +13 +14 +15 +16 +17 +18 +19 +20 +21 +22 +23 +24 +25 +26 +27 +28 +29 +62 +44 -93 -72 -108 +57 -50 -30 -118 +49 +38 +77 +88 -78 -53 +71 +84 -111 +97 -64 -48 -117 +43 +68 -99 -63 +37 +79 -81 -95 -59 +41 +85 -51 +80 +96 +58 +110 -87 +40 +55 +36 +42 -67 +31 -52 +115 -114 -54 +121 +102 +69 -120 +107 +112 +101 +32 -113 -33 -47 -56 -75 +92 +105 -98 -46 +83 -91 +86 -89 -109 -60 +94 -70 +61 +122 +76 +116 -73 -74 -90 +65 +66 -119 +35 +34 +103 -45 -104 -39 +100 +106 +82)
(+1 +2 +3 +4 +5 +6 +7 +8 +9 +10 +11 +12 +13 +14 +15 +16 +17 +18 +19 +20 +21 +22 +23 +24 +25 +26 +27 +28 +29 +30 +50 -57 +108 +72 +93 -44 -62 -118 +49 +38 +77 +88 -78 -53 +71 +84 -111 +97 -64 -48 -117 +43 +68 -99 -63 +37 +79 -81 -95 -59 +41 +85 -51 +80 +96 +58 +110 -87 +40 +55 +36 +42 -67 +31 -52 +115 -114 -54 +121 +102 +69 -120 +107 +112 +101 +32 -113 -33 -47 -56 -75 +92 +105 -98 -46 +83 -91 +86 -89 -109 -60 +94 -70 +61 +122 +76 +116 -73 -74 -90 +65 +66 -119 +35 +34 +103 -45 -104 -39 +100 +106 +82)
(+1 +2 +3 +4 +5 +6 +7 +8 +9 +10 +11 +12 +13 +14 +15 +16 +17 +18 +19 +20 +21 +22 +23 +24 +25 +26 +27 +28 +29 +30 -31 +67 -42 -36 -55 -40 +87 -110 -58 -96 -80 +51 -85 -41 +59 +95 +81 -79 -37 +63 +99 -68 -43 +117 +48 +64 -97 +111 -84 -71 +53 +78 -88 -77 -38 -49 +118 +62 +44 -93 -72 -108 +57 -50 -52 +115 -114 -54 +121 +102 +69 -120 +107 +112 +101 +32 -113 -33 -47 -56 -75 +92 +105 -98 -46 +83 -91 +86 -89 -109 -60 +94 -70 +61 +122 +76 +116 -73 -74 -90 +65 +66 -119 +35 +34 +103 -45 -104 -39 +100 +106 +82)
(+1 +2 +3 +4 +5 +6 +7 +8 +9 +10 +11 +12 +13 +14 +15 +16 +17 +18 +19 +20 +21 +22 +23 +24 +25 +26 +27 +28 +29 +30 +31 +67 -42 -36 -55 -40 +87 -110 -58 -96 -80 +51 -85 -41 +59 +95 +81 -79 -37 +63 +99 -68 -43 +117 +48 +64 -97 +111 -84 -71 +53 +78 -88 -77 -38 -49 +118 +62 +44 -93 -72 -108 +57 -50 -52 +115 -114 -54 +121 +102 +69 -120 +107 +112 +101 +32 -113 -33 -47 -56 -75 +92 +105 -98 -46 +83 -91 +86 -89 -109 -60 +94 -70 +61 +122 +76 +116 -73 -74 -90 +65 +66 -119 +35 +34 +103 -45 -104 -39 +100 +106 +82)
(+1 +2 +3 +4 +5 +6 +7 +8 +9 +10 +11 +12 +13 +14 +15 +16 +17 +18 +19 +20 +21 +22 +23 +24 +25 +26 +27 +28 +29 +30 +31 -32 -101 -112 -107 +120 -69 -102 -121 +54 +114 -115 +52 +50 -57 +108 +72 +93 -44 -62 -118 +49 +38 +77 +88 -78 -53 +71 +84 -111 +97 -64 -48 -117 +43 +68 -99 -63 +37 +79 -81 -95 -59 +41 +85 -51 +80 +96 +58 +110 -87 +40 +55 +36 +42 -67 -113 -33 -47 -56 -75 +92 +105 -98 -46 +83 -91 +86 -89 -109 -60 +94 -70 +61 +122 +76 +116 -73 -74 -90 +65 +66 -119 +35 +34 +103 -45 -104 -39 +100 +106 +82)
(+1 +2 +3 +4 +5 +6 +7 +8 +9 +10 +11 +12 +13 +14 +15 +16 +17 +18 +19 +20 +21 +22 +23 +24 +25 +26 +27 +28 +29 +30 +31 +32 -101 -112 -107 +120 -69 -102 -121 +54 +114 -115 +52 +50 -57 +108 +72 +93 -44 -62 -118 +49 +38 +77 +88 -78 -53 +71 +84 -111 +97 -64 -48 -117 +43 +68 -99 -63 +37 +79 -81 -95 -59 +41 +85 -51 +80 +96 +58 +110 -87 +40 +55 +36 +42 -67 -113 -33 -47 -56 -75 +92 +105 -98 -46 +83 -91 +86 -89 -109 -60 +94 -70 +61 +122 +76 +116 -73 -74 -90 +65 +66 -119 +35 +34 +103 -45 -104 -39 +100 +106 +82)
(+1 +2 +3 +4 +5 +6 +7 +8 +9 +10 +11 +12 +13 +14 +15 +16 +17 +18 +19 +20 +21 +22 +23 +24 +25 +26 +27 +28 +29 +30 +31 +32 +33 +113 +67 -42 -36 -55 -40 +87 -110 -58 -96 -80 +51 -85 -41 +59 +95 +81 -79 -37 +63 +99 -68 -43 +117 +48 +64 -97 +111 -84 -71 +53 +78 -88 -77 -38 -49 +118 +62 +44 -93 -72 -108 +57 -50 -52 +115 -114 -54 +121 +102 +69 -120 +107 +112 +101 -47 -56 -75 +92 +105 -98 -46 +83 -91 +86 -89 -109 -60 +94 -70 +61 +122 +76 +116 -73 -74 -90 +65 +66 -119 +35 +34 +103 -45 -104 -39 +100 +106 +82)
(+1 +2 +3 +4 +5 +6 +7 +8 +9 +10 +11 +12 +13 +14 +15 +16 +17 +18 +19 +20 +21 +22 +23 +24 +25 +26 +27 +28 +29 +30 +31 +32 +33 -34 -35 +119 -66 -65 +90 +74 +73 -116 -76 -122 -61 +70 -94 +60 +109 +89 -86 +91 -83 +46 +98 -105 -92 +75 +56 +47 -101 -112 -107 +120 -69 -102 -121 +54 +114 -115 +52 +50 -57 +108 +72 +93 -44 -62 -118 +49 +38 +77 +88 -78 -53 +71 +84 -111 +97 -64 -48 -117 +43 +68 -99 -63 +37 +79 -81 -95 -59 +41 +85 -51 +80 +96 +58 +110 -87 +40 +55 +36 +42 -67 -113 +103 -45 -104 -39 +100 +106 +82)
(+1 +2 +3 +4 +5 +6 +7 +8 +9 +10 +11 +12 +13 +14 +15 +16 +17 +18 +19 +20 +21 +22 +23 +24 +25 +26 +27 +28 +29 +30 +31 +32 +33 +34 -35 +119 -66 -65 +90 +74 +73 -116 -76 -122 -61 +70 -94 +60 +109 +89 -86 +91 -83 +46 +98 -105 -92 +75 +56 +47 -101 -112 -107 +120 -69 -102 -121 +54 +114 -115 +52 +50 -57 +108 +72 +93 -44 -62 -118 +49 +38 +77 +88 -78 -53 +71 +84 -111 +97 -64 -48 -117 +43 +68 -99 -63 +37 +79 -81 -95 -59 +41 +85 -51 +80 +96 +58 +110 -87 +40 +55 +36 +42 -67 -113 +103 -45 -104 -39 +100 +106 +82)
(+1 +2 +3 +4 +5 +6 +7 +8 +9 +10 +11 +12 +13 +14 +15 +16 +17 +18 +19 +20 +21 +22 +23 +24 +25 +26 +27 +28 +29 +30 +31 +32 +33 +34 +35 +119 -66 -65 +90 +74 +73 -116 -76 -122 -61 +70 -94 +60 +109 +89 -86 +91 -83 +46 +98 -105 -92 +75 +56 +47 -101 -112 -107 +120 -69 -102 -121 +54 +114 -115 +52 +50 -57 +108 +72 +93 -44 -62 -118 +49 +38 +77 +88 -78 -53 +71 +84 -111 +97 -64 -48 -117 +43 +68 -99 -63 +37 +79 -81 -95 -59 +41 +85 -51 +80 +96 +58 +110 -87 +40 +55 +36 +42 -67 -113 +103 -45 -104 -39 +100 +106 +82)
(+1 +2 +3 +4 +5 +6 +7 +8 +9 +10 +11 +12 +13 +14 +15 +16 +17 +18 +19 +20 +21 +22 +23 +24 +25 +26 +27 +28 +29 +30 +31 +32 +33 +34 +35 -36 -55 -40 +87 -110 -58 -96 -80 +51 -85 -41 +59 +95 +81 -79 -37 +63 +99 -68 -43 +117 +48 +64 -97 +111 -84 -71 +53 +78 -88 -77 -38 -49 +118 +62 +44 -93 -72 -108 +57 -50 -52 +115 -114 -54 +121 +102 +69 -120 +107 +112 +101 -47 -56 -75 +92 +105 -98 -46 +83 -91 +86 -89 -109 -60 +94 -70 +61 +122 +76 +116 -73 -74 -90 +65 +66 -119 +42 -67 -113 +103 -45 -104 -39 +100 +106 +82)
(+1 +2 +3 +4 +5 +6 +7 +8 +9 +10 +11 +12 +13 +14 +15 +16 +17 +18 +19 +20 +21 +22 +23 +24 +25 +26 +27 +28 +29 +30 +31 +32 +33 +34 +35 +36 -55 -40 +87 -110 -58 -96 -80 +51 -85 -41 +59 +95 +81 -79 -37 +63 +99 -68 -43 +117 +48 +64 -97 +111 -84 -71 +53 +78 -88 -77 -38 -49 +118 +62 +44 -93 -72 -108 +57 -50 -52 +115 -114 -54 +121 +102 +69 -120 +107 +112 +101 -47 -56 -75 +92 +105 -98 -46 +83 -91 +86 -89 -109 -60 +94 -70 +61 +122 +76 +116 -73 -74 -90 +65 +66 -119 +42 -67 -113 +103 -45 -104 -39 +100 +106 +82)
(+1 +2 +3 +4 +5 +6 +7 +8 +9 +10 +11 +12 +13 +14 +15 +16 +17 +18 +19 +20 +21 +22 +23 +24 +25 +26 +27 +28 +29 +30 +31 +32 +33 +34 +35 +36 +37 +79 -81 -95 -59 +41 +85 -51 +80 +96 +58 +110 -87 +40 +55 +63 +99 -68 -43 +117 +48 +64 -97 +111 -84 -71 +53 +78 -88 -77 -38 -49 +118 +62 +44 -93 -72 -108 +57 -50 -52 +115 -114 -54 +121 +102 +69 -120 +107 +112 +101 -47 -56 -75 +92 +105 -98 -46 +83 -91 +86 -89 -109 -60 +94 -70 +61 +122 +76 +116 -73 -74 -90 +65 +66 -119 +42 -67 -113 +103 -45 -104 -39 +100 +106 +82)
(+1 +2 +3 +4 +5 +6 +7 +8 +9 +10 +11 +12 +13 +14 +15 +16 +17 +18 +19 +20 +21 +22 +23 +24 +25 +26 +27 +28 +29 +30 +31 +32 +33 +34 +35 +36 +37 +38 +77 +88 -78 -53 +71 +84 -111 +97 -64 -48 -117 +43 +68 -99 -63 -55 -40 +87 -110 -58 -96 -80 +51 -85 -41 +59 +95 +81 -79 -49 +118 +62 +44 -93 -72 -108 +57 -50 -52 +115 -114 -54 +121 +102 +69 -120 +107 +112 +101 -47 -56 -75 +92 +105 -98 -46 +83 -91 +86 -89 -109 -60 +94 -70 +61 +122 +76 +116 -73 -74 -90 +65 +66 -119 +42 -67 -113 +103 -45 -104 -39 +100 +106 +82)
(+1 +2 +3 +4 +5 +6 +7 +8 +9 +10 +11 +12 +13 +14 +15 +16 +17 +18 +19 +20 +21 +22 +23 +24 +25 +26 +27 +28 +29 +30 +31 +32 +33 +34 +35 +36 +37 +38 +39 +104 +45 -103 +113 +67 -42 +119 -66 -65 +90 +74 +73 -116 -76 -122 -61 +70 -94 +60 +109 +89 -86 +91 -83 +46 +98 -105 -92 +75 +56 +47 -101 -112 -107 +120 -69 -102 -121 +54 +114 -115 +52 +50 -57 +108 +72 +93 -44 -62 -118 +49 +79 -81 -95 -59 +41 +85 -51 +80 +96 +58 +110 -87 +40 +55 +63 +99 -68 -43 +117 +48 +64 -97 +111 -84 -71 +53 +78 -88 -77 +100 +106 +82)
(+1 +2 +3 +4 +5 +6 +7 +8 +9 +10 +11 +12 +13 +14 +15 +16 +17 +18 +19 +20 +21 +22 +23 +24 +25 +26 +27 +28 +29 +30 +31 +32 +33 +34 +35 +36 +37 +38 +39 -40 +87 -110 -58 -96 -80 +51 -85 -41 +59 +95 +81 -79 -49 +118 +62 +44 -93 -72 -108 +57 -50 -52 +115 -114 -54 +121 +102 +69 -120 +107 +112 +101 -47 -56 -75 +92 +105 -98 -46 +83 -91 +86 -89 -109 -60 +94 -70 +61 +122 +76 +116 -73 -74 -90 +65 +66 -119 +42 -67 -113 +103 -45 -104 +55 +63 +99 -68 -43 +117 +48 +64 -97 +111 -84 -71 +53 +78 -88 -77 +100 +106 +82)
(+1 +2 +3 +4 +5 +6 +7 +8 +9 +10 +11 +12 +13 +14 +15 +16 +17 +18 +19 +20 +21 +22 +23 +24 +25 +26 +27 +28 +29 +30 +31 +32 +33 +34 +35 +36 +37 +38 +39 +40 +87 -110 -58 -96 -80 +51 -85 -41 +59 +95 +81 -79 -49 +118 +62 +44 -93 -72 -108 +57 -50 -52 +115 -114 -54 +121 +102 +69 -120 +107 +112 +101 -47 -56 -75 +92 +105 -98 -46 +83 -91 +86 -89 -109 -60 +94 -70 +61 +122 +76 +116 -73 -74 -90 +65 +66 -119 +42 -67 -113 +103 -45 -104 +55 +63 +99 -68 -43 +117 +48 +64 -97 +111 -84 -71 +53 +78 -88 -77 +100 +106 +82)
(+1 +2 +3 +4 +5 +6 +7 +8 +9 +10 +11 +12 +13 +14 +15 +16 +17 +18 +19 +20 +21 +22 +23 +24 +25 +26 +27 +28 +29 +30 +31 +32 +33 +34 +35 +36 +37 +38 +39 +40 +41 +85 -51 +80 +96 +58 +110 -87 +59 +95 +81 -79 -49 +118 +62 +44 -93 -72 -108 +57 -50 -52 +115 -114 -54 +121 +102 +69 -120 +107 +112 +101 -47 -56 -75 +92 +105 -98 -46 +83 -91 +86 -89 -109 -60 +94 -70 +61 +122 +76 +116 -73 -74 -90 +65 +66 -119 +42 -67 -113 +103 -45 -104 +55 +63 +99 -68 -43 +117 +48 +64 -97 +111 -84 -71 +53 +78 -88 -77 +100 +106 +82)
(+1 +2 +3 +4 +5 +6 +7 +8 +9 +10 +11 +12 +13 +14 +15 +16 +17 +18 +19 +20 +21 +22 +23 +24 +25 +26 +27 +28 +29 +30 +31 +32 +33 +34 +35 +36 +37 +38 +39 +40 +41 -42 +119 -66 -65 +90 +74 +73 -116 -76 -122 -61 +70 -94 +60 +109 +89 -86 +91 -83 +46 +98 -105 -92 +75 +56 +47 -101 -112 -107 +120 -69 -102 -121 +54 +114 -115 +52 +50 -57 +108 +72 +93 -44 -62 -118 +49 +79 -81 -95 -59 +87 -110 -58 -96 -80 +51 -85 -67 -113 +103 -45 -104 +55 +63 +99 -68 -43 +117 +48 +64 -97 +111 -84 -71 +53 +78 -88 -77 +100 +106 +82)
(+1 +2 +3 +4 +5 +6 +7 +8 +9 +10 +11 +12 +13 +14 +15 +16 +17 +18 +19 +20 +21 +22 +23 +24 +25 +26 +27 +28 +29 +30 +31 +32 +33 +34 +35 +36 +37 +38 +39 +40 +41 +42 +119 -66 -65 +90 +74 +73 -116 -76 -122 -61 +70 -94 +60 +109 +89 -86 +91 -83 +46 +98 -105 -92 +75 +56 +47 -101 -112 -107 +120 -69 -102 -121 +54 +114 -115 +52 +50 -57 +108 +72 +93 -44 -62 -118 +49 +79 -81 -95 -59 +87 -110 -58 -96 -80 +51 -85 -67 -113 +103 -45 -104 +55 +63 +99 -68 -43 +117 +48 +64 -97 +111 -84 -71 +53 +78 -88 -77 +100 +106 +82)
(+1 +2 +3 +4 +5 +6 +7 +8 +9 +10 +11 +12 +13 +14 +15 +16 +17 +18 +19 +20 +21 +22 +23 +24 +25 +26 +27 +28 +29 +30 +31 +32 +33 +34 +35 +36 +37 +38 +39 +40 +41 +42 +43 +68 -99 -63 -55 +104 +45 -103 +113 +67 +85 -51 +80 +96 +58 +110 -87 +59 +95 +81 -79 -49 +118 +62 +44 -93 -72 -108 +57 -50 -52 +115 -114 -54 +121 +102 +69 -120 +107 +112 +101 -47 -56 -75 +92 +105 -98 -46 +83 -91 +86 -89 -109 -60 +94 -70 +61 +122 +76 +116 -73 -74 -90 +65 +66 -119 +117 +48 +64 -97 +111 -84 -71 +53 +78 -88 -77 +100 +106 +82)
(+1 +2 +3 +4 +5 +6 +7 +8 +9 +10 +11 +12 +13 +14 +15 +16 +17 +18 +19 +20 +21 +22 +23 +24 +25 +26 +27 +28 +29 +30 +31 +32 +33 +34 +35 +36 +37 +38 +39 +40 +41 +42 +43 -44 -62 -118 +49 +79 -81 -95 -59 +87 -110 -58 -96 -80 +51 -85 -67 -113 +103 -45 -104 +55 +63 +99 -68 -93 -72 -108 +57 -50 -52 +115 -114 -54 +121 +102 +69 -120 +107 +112 +101 -47 -56 -75 +92 +105 -98 -46 +83 -91 +86 -89 -109 -60 +94 -70 +61 +122 +76 +116 -73 -74 -90 +65 +66 -119 +117 +48 +64 -97 +111 -84 -71 +53 +78 -88 -77 +100 +106 +82)
(+1 +2 +3 +4 +5 +6 +7 +8 +9 +10 +11 +12 +13 +14 +15 +16 +17 +18 +19 +20 +21 +22 +23 +24 +25 +26 +27 +28 +29 +30 +31 +32 +33 +34 +35 +36 +37 +38 +39 +40 +41 +42 +43 +44 -62 -118 +49 +79 -81 -95 -59 +87 -110 -58 -96 -80 +51 -85 -67 -113 +103 -45 -104 +55 +63 +99 -68 -93 -72 -108 +57 -50 -52 +115 -114 -54 +121 +102 +69 -120 +107 +112 +101 -47 -56 -75 +92 +105 -98 -46 +83 -91 +86 -89 -109 -60 +94 -70 +61 +122 +76 +116 -73 -74 -90 +65 +66 -119 +117 +48 +64 -97 +111 -84 -71 +53 +78 -88 -77 +100 +106 +82)
(+1 +2 +3 +4 +5 +6 +7 +8 +9 +10 +11 +12 +13 +14 +15 +16 +17 +18 +19 +20 +21 +22 +23 +24 +25 +26 +27 +28 +29 +30 +31 +32 +33 +34 +35 +36 +37 +38 +39 +40 +41 +42 +43 +44 +45 -103 +113 +67 +85 -51 +80 +96 +58 +110 -87 +59 +95 +81 -79 -49 +118 +62 -104 +55 +63 +99 -68 -93 -72 -108 +57 -50 -52 +115 -114 -54 +121 +102 +69 -120 +107 +112 +101 -47 -56 -75 +92 +105 -98 -46 +83 -91 +86 -89 -109 -60 +94 -70 +61 +122 +76 +116 -73 -74 -90 +65 +66 -119 +117 +48 +64 -97 +111 -84 -71 +53 +78 -88 -77 +100 +106 +82)
(+1 +2 +3 +4 +5 +6 +7 +8 +9 +10 +11 +12 +13 +14 +15 +16 +17 +18 +19 +20 +21 +22 +23 +24 +25 +26 +27 +28 +29 +30 +31 +32 +33 +34 +35 +36 +37 +38 +39 +40 +41 +42 +43 +44 +45 +46 +98 -105 -92 +75 +56 +47 -101 -112 -107 +120 -69 -102 -121 +54 +114 -115 +52 +50 -57 +108 +72 +93 +68 -99 -63 -55 +104 -62 -118 +49 +79 -81 -95 -59 +87 -110 -58 -96 -80 +51 -85 -67 -113 +103 +83 -91 +86 -89 -109 -60 +94 -70 +61 +122 +76 +116 -73 -74 -90 +65 +66 -119 +117 +48 +64 -97 +111 -84 -71 +53 +78 -88 -77 +100 +106 +82)
(+1 +2 +3 +4 +5 +6 +7 +8 +9 +10 +11 +12 +13 +14 +15 +16 +17 +18 +19 +20 +21 +22 +23 +24 +25 +26 +27 +28 +29 +30 +31 +32 +33 +34 +35 +36 +37 +38 +39 +40 +41 +42 +43 +44 +45 +46 -47 -56 -75 +92 +105 -98 -101 -112 -107 +120 -69 -102 -121 +54 +114 -115 +52 +50 -57 +108 +72 +93 +68 -99 -63 -55 +104 -62 -118 +49 +79 -81 -95 -59 +87 -110 -58 -96 -80 +51 -85 -67 -113 +103 +83 -91 +86 -89 -109 -60 +94 -70 +61 +122 +76 +116 -73 -74 -90 +65 +66 -119 +117 +48 +64 -97 +111 -84 -71 +53 +78 -88 -77 +100 +106 +82)
(+1 +2 +3 +4 +5 +6 +7 +8 +9 +10 +11 +12 +13 +14 +15 +16 +17 +18 +19 +20 +21 +22 +23 +24 +25 +26 +27 +28 +29 +30 +31 +32 +33 +34 +35 +36 +37 +38 +39 +40 +41 +42 +43 +44 +45 +46 +47 -56 -75 +92 +105 -98 -101 -112 -107 +120 -69 -102 -121 +54 +114 -115 +52 +50 -57 +108 +72 +93 +68 -99 -63 -55 +104 -62 -118 +49 +79 -81 -95 -59 +87 -110 -58 -96 -80 +51 -85 -67 -113 +103 +83 -91 +86 -89 -109 -60 +94 -70 +61 +122 +76 +116 -73 -74 -90 +65 +66 -119 +117 +48 +64 -97 +111 -84 -71 +53 +78 -88 -77 +100 +106 +82)
(+1 +2 +3 +4 +5 +6 +7 +8 +9 +10 +11 +12 +13 +14 +15 +16 +17 +18 +19 +20 +21 +22 +23 +24 +25 +26 +27 +28 +29 +30 +31 +32 +33 +34 +35 +36 +37 +38 +39 +40 +41 +42 +43 +44 +45 +46 +47 -48 -117 +119 -66 -65 +90 +74 +73 -116 -76 -122 -61 +70 -94 +60 +109 +89 -86 +91 -83 -103 +113 +67 +85 -51 +80 +96 +58 +110 -87 +59 +95 +81 -79 -49 +118 +62 -104 +55 +63 +99 -68 -93 -72 -108 +57 -50 -52 +115 -114 -54 +121 +102 +69 -120 +107 +112 +101 +98 -105 -92 +75 +56 +64 -97 +111 -84 -71 +53 +78 -88 -77 +100 +106 +82)
(+1 +2 +3 +4 +5 +6 +7 +8 +9 +10 +11 +12 +13 +14 +15 +16 +17 +18 +19 +20 +21 +22 +23 +24 +25 +26 +27 +28 +29 +30 +31 +32 +33 +34 +35 +36 +37 +38 +39 +40 +41 +42 +43 +44 +45 +46 +47 +48 -117 +119 -66 -65 +90 +74 +73 -116 -76 -122 -61 +70 -94 +60 +109 +89 -86 +91 -83 -103 +113 +67 +85 -51 +80 +96 +58 +110 -87 +59 +95 +81 -79 -49 +118 +62 -104 +55 +63 +99 -68 -93 -72 -108 +57 -50 -52 +115 -114 -54 +121 +102 +69 -120 +107 +112 +101 +98 -105 -92 +75 +56 +64 -97 +111 -84 -71 +53 +78 -88 -77 +100 +106 +82)
(+1 +2 +3 +4 +5 +6 +7 +8 +9 +10 +11 +12 +13 +14 +15 +16 +17 +18 +19 +20 +21 +22 +23 +24 +25 +26 +27 +28 +29 +30 +31 +32 +33 +34 +35 +36 +37 +38 +39 +40 +41 +42 +43 +44 +45 +46 +47 +48 +49 +79 -81 -95 -59 +87 -110 -58 -96 -80 +51 -85 -67 -113 +103 +83 -91 +86 -89 -109 -60 +94 -70 +61 +122 +76 +116 -73 -74 -90 +65 +66 -119 +117 +118 +62 -104 +55 +63 +99 -68 -93 -72 -108 +57 -50 -52 +115 -114 -54 +121 +102 +69 -120 +107 +112 +101 +98 -105 -92 +75 +56 +64 -97 +111 -84 -71 +53 +78 -88 -77 +100 +106 +82)
(+1 +2 +3 +4 +5 +6 +7 +8 +9 +10 +11 +12 +13 +14 +15 +16 +17 +18 +19 +20 +21 +22 +23 +24 +25 +26 +27 +28 +29 +30 +31 +32 +33 +34 +35 +36 +37 +38 +39 +40 +41 +42 +43 +44 +45 +46 +47 +48 +49 +50 -57 +108 +72 +93 +68 -99 -63 -55 +104 -62 -118 -117 +119 -66 -65 +90 +74 +73 -116 -76 -122 -61 +70 -94 +60 +109 +89 -86 +91 -83 -103 +113 +67 +85 -51 +80 +96 +58 +110 -87 +59 +95 +81 -79 -52 +115 -114 -54 +121 +102 +69 -120 +107 +112 +101 +98 -105 -92 +75 +56 +64 -97 +111 -84 -71 +53 +78 -88 -77 +100 +106 +82)
(+1 +2 +3 +4 +5 +6 +7 +8 +9 +10 +11 +12 +13 +14 +15 +16 +17 +18 +19 +20 +21 +22 +23 +24 +25 +26 +27 +28 +29 +30 +31 +32 +33 +34 +35 +36 +37 +38 +39 +40 +41 +42 +43 +44 +45 +46 +47 +48 +49 +50 +51 -85 -67 -113 +103 +83 -91 +86 -89 -109 -60 +94 -70 +61 +122 +76 +116 -73 -74 -90 +65 +66 -119 +117 +118 +62 -104 +55 +63 +99 -68 -93 -72 -108 +57 +80 +96 +58 +110 -87 +59 +95 +81 -79 -52 +115 -114 -54 +121 +102 +69 -120 +107 +112 +101 +98 -105 -92 +75 +56 +64 -97 +111 -84 -71 +53 +78 -88 -77 +100 +106 +82)
(+1 +2 +3 +4 +5 +6 +7 +8 +9 +10 +11 +12 +13 +14 +15 +16 +17 +18 +19 +20 +21 +22 +23 +24 +25 +26 +27 +28 +29 +30 +31 +32 +33 +34 +35 +36 +37 +38 +39 +40 +41 +42 +43 +44 +45 +46 +47 +48 +49 +50 +51 +52 +79 -81 -95 -59 +87 -110 -58 -96 -80 -57 +108 +72 +93 +68 -99 -63 -55 +104 -62 -118 -117 +119 -66 -65 +90 +74 +73 -116 -76 -122 -61 +70 -94 +60 +109 +89 -86 +91 -83 -103 +113 +67 +85 +115 -114 -54 +121 +102 +69 -120 +107 +112 +101 +98 -105 -92 +75 +56 +64 -97 +111 -84 -71 +53 +78 -88 -77 +100 +106 +82)
(+1 +2 +3 +4 +5 +6 +7 +8 +9 +10 +11 +12 +13 +14 +15 +16 +17 +18 +19 +20 +21 +22 +23 +24 +25 +26 +27 +28 +29 +30 +31 +32 +33 +34 +35 +36 +37 +38 +39 +40 +41 +42 +43 +44 +45 +46 +47 +48 +49 +50 +51 +52 -53 +71 +84 -111 +97 -64 -56 -75 +92 +105 -98 -101 -112 -107 +120 -69 -102 -121 +54 +114 -115 -85 -67 -113 +103 +83 -91 +86 -89 -109 -60 +94 -70 +61 +122 +76 +116 -73 -74 -90 +65 +66 -119 +117 +118 +62 -104 +55 +63 +99 -68 -93 -72 -108 +57 +80 +96 +58 +110 -87 +59 +95 +81 -79 +78 -88 -77 +100 +106 +82)
(+1 +2 +3 +4 +5 +6 +7 +8 +9 +10 +11 +12 +13 +14 +15 +16 +17 +18 +19 +20 +21 +22 +23 +24 +25 +26 +27 +28 +29 +30 +31 +32 +33 +34 +35 +36 +37 +38 +39 +40 +41 +42 +43 +44 +45 +46 +47 +48 +49 +50 +51 +52 +53 +71 +84 -111 +97 -64 -56 -75 +92 +105 -98 -101 -112 -107 +120 -69 -102 -121 +54 +114 -115 -85 -67 -113 +103 +83 -91 +86 -89 -109 -60 +94 -70 +61 +122 +76 +116 -73 -74 -90 +65 +66 -119 +117 +118 +62 -104 +55 +63 +99 -68 -93 -72 -108 +57 +80 +96 +58 +110 -87 +59 +95 +81 -79 +78 -88 -77 +100 +106 +82)
(+1 +2 +3 +4 +5 +6 +7 +8 +9 +10 +11 +12 +13 +14 +15 +16 +17 +18 +19 +20 +21 +22 +23 +24 +25 +26 +27 +28 +29 +30 +31 +32 +33 +34 +35 +36 +37 +38 +39 +40 +41 +42 +43 +44 +45 +46 +47 +48 +49 +50 +51 +52 +53 -54 +121 +102 +69 -120 +107 +112 +101 +98 -105 -92 +75 +56 +64 -97 +111 -84 -71 +114 -115 -85 -67 -113 +103 +83 -91 +86 -89 -109 -60 +94 -70 +61 +122 +76 +116 -73 -74 -90 +65 +66 -119 +117 +118 +62 -104 +55 +63 +99 -68 -93 -72 -108 +57 +80 +96 +58 +110 -87 +59 +95 +81 -79 +78 -88 -77 +100 +106 +82)
(+1 +2 +3 +4 +5 +6 +7 +8 +9 +10 +11 +12 +13 +14 +15 +16 +17 +18 +19 +20 +21 +22 +23 +24 +25 +26 +27 +28 +29 +30 +31 +32 +33 +34 +35 +36 +37 +38 +39 +40 +41 +42 +43 +44 +45 +46 +47 +48 +49 +50 +51 +52 +53 +54 +121 +102 +69 -120 +107 +112 +101 +98 -105 -92 +75 +56 +64 -97 +111 -84 -71 +114 -115 -85 -67 -113 +103 +83 -91 +86 -89 -109 -60 +94 -70 +61 +122 +76 +116 -73 -74 -90 +65 +66 -119 +117 +118 +62 -104 +55 +63 +99 -68 -93 -72 -108 +57 +80 +96 +58 +110 -87 +59 +95 +81 -79 +78 -88 -77 +100 +106 +82)
(+1 +2 +3 +4 +5 +6 +7 +8 +9 +10 +11 +12 +13 +14 +15 +16 +17 +18 +19 +20 +21 +22 +23 +24 +25 +26 +27 +28 +29 +30 +31 +32 +33 +34 +35 +36 +37 +38 +39 +40 +41 +42 +43 +44 +45 +46 +47 +48 +49 +50 +51 +52 +53 +54 -55 +104 -62 -118 -117 +119 -66 -65 +90 +74 +73 -116 -76 -122 -61 +70 -94 +60 +109 +89 -86 +91 -83 -103 +113 +67 +85 +115 -114 +71 +84 -111 +97 -64 -56 -75 +92 +105 -98 -101 -112 -107 +120 -69 -102 -121 +63 +99 -68 -93 -72 -108 +57 +80 +96 +58 +110 -87 +59 +95 +81 -79 +78 -88 -77 +100 +106 +82)
(+1 +2 +3 +4 +5 +6 +7 +8 +9 +10 +11 +12 +13 +14 +15 +16 +17 +18 +19 +20 +21 +22 +23 +24 +25 +26 +27 +28 +29 +30 +31 +32 +33 +34 +35 +36 +37 +38 +39 +40 +41 +42 +43 +44 +45 +46 +47 +48 +49 +50 +51 +52 +53 +54 +55 +104 -62 -118 -117 +119 -66 -65 +90 +74 +73 -116 -76 -122 -61 +70 -94 +60 +109 +89 -86 +91 -83 -103 +113 +67 +85 +115 -114 +71 +84 -111 +97 -64 -56 -75 +92 +105 -98 -101 -112 -107 +120 -69 -102 -121 +63 +99 -68 -93 -72 -108 +57 +80 +96 +58 +110 -87 +59 +95 +81 -79 +78 -88 -77 +100 +106 +82)
(+1 +2 +3 +4 +5 +6 +7 +8 +9 +10 +11 +12 +13 +14 +15 +16 +17 +18 +19 +20 +21 +22 +23 +24 +25 +26 +27 +28 +29 +30 +31 +32 +33 +34 +35 +36 +37 +38 +39 +40 +41 +42 +43 +44 +45 +46 +47 +48 +49 +50 +51 +52 +53 +54 +55 +56 +64 -97 +111 -84 -71 +114 -115 -85 -67 -113 +103 +83 -91 +86 -89 -109 -60 +94 -70 +61 +122 +76 +116 -73 -74 -90 +65 +66 -119 +117 +118 +62 -104 -75 +92 +105 -98 -101 -112 -107 +120 -69 -102 -121 +63 +99 -68 -93 -72 -108 +57 +80 +96 +58 +110 -87 +59 +95 +81 -79 +78 -88 -77 +100 +106 +82)
(+1 +2 +3 +4 +5 +6 +7 +8 +9 +10 +11 +12 +13 +14 +15 +16 +17 +18 +19 +20 +21 +22 +23 +24 +25 +26 +27 +28 +29 +30 +31 +32 +33 +34 +35 +36 +37 +38 +39 +40 +41 +42 +43 +44 +45 +46 +47 +48 +49 +50 +51 +52 +53 +54 +55 +56 -57 +108 +72 +93 +68 -99 -63 +121 +102 +69 -120 +107 +112 +101 +98 -105 -92 +75 +104 -62 -118 -117 +119 -66 -65 +90 +74 +73 -116 -76 -122 -61 +70 -94 +60 +109 +89 -86 +91 -83 -103 +113 +67 +85 +115 -114 +71 +84 -111 +97 -64 +80 +96 +58 +110 -87 +59 +95 +81 -79 +78 -88 -77 +100 +106 +82)
(+1 +2 +3 +4 +5 +6 +7 +8 +9 +10 +11 +12 +13 +14 +15 +16 +17 +18 +19 +20 +21 +22 +23 +24 +25 +26 +27 +28 +29 +30 +31 +32 +33 +34 +35 +36 +37 +38 +39 +40 +41 +42 +43 +44 +45 +46 +47 +48 +49 +50 +51 +52 +53 +54 +55 +56 +57 +108 +72 +93 +68 -99 -63 +121 +102 +69 -120 +107 +112 +101 +98 -105 -92 +75 +104 -62 -118 -117 +119 -66 -65 +90 +74 +73 -116 -76 -122 -61 +70 -94 +60 +109 +89 -86 +91 -83 -103 +113 +67 +85 +115 -114 +71 +84 -111 +97 -64 +80 +96 +58 +110 -87 +59 +95 +81 -79 +78 -88 -77 +100 +106 +82)
(+1 +2 +3 +4 +5 +6 +7 +8 +9 +10 +11 +12 +13 +14 +15 +16 +17 +18 +19 +20 +21 +22 +23 +24 +25 +26 +27 +28 +29 +30 +31 +32 +33 +34 +35 +36 +37 +38 +39 +40 +41 +42 +43 +44 +45 +46 +47 +48 +49 +50 +51 +52 +53 +54 +55 +56 +57 -58 -96 -80 +64 -97 +111 -84 -71 +114 -115 -85 -67 -113 +103 +83 -91 +86 -89 -109 -60 +94 -70 +61 +122 +76 +116 -73 -74 -90 +65 +66 -119 +117 +118 +62 -104 -75 +92 +105 -98 -101 -112 -107 +120 -69 -102 -121 +63 +99 -68 -93 -72 -108 +110 -87 +59 +95 +81 -79 +78 -88 -77 +100 +106 +82)
(+1 +2 +3 +4 +5 +6 +7 +8 +9 +10 +11 +12 +13 +14 +15 +16 +17 +18 +19 +20 +21 +22 +23 +24 +25 +26 +27 +28 +29 +30 +31 +32 +33 +34 +35 +36 +37 +38 +39 +40 +41 +42 +43 +44 +45 +46 +47 +48 +49 +50 +51 +52 +53 +54 +55 +56 +57 +58 -96 -80 +64 -97 +111 -84 -71 +114 -115 -85 -67 -113 +103 +83 -91 +86 -89 -109 -60 +94 -70 +61 +122 +76 +116 -73 -74 -90 +65 +66 -119 +117 +118 +62 -104 -75 +92 +105 -98 -101 -112 -107 +120 -69 -102 -121 +63 +99 -68 -93 -72 -108 +110 -87 +59 +95 +81 -79 +78 -88 -77 +100 +106 +82)
(+1 +2 +3 +4 +5 +6 +7 +8 +9 +10 +11 +12 +13 +14 +15 +16 +17 +18 +19 +20 +21 +22 +23 +24 +25 +26 +27 +28 +29 +30 +31 +32 +33 +34 +35 +36 +37 +38 +39 +40 +41 +42 +43 +44 +45 +46 +47 +48 +49 +50 +51 +52 +53 +54 +55 +56 +57 +58 -59 +87 -110 +108 +72 +93 +68 -99 -63 +121 +102 +69 -120 +107 +112 +101 +98 -105 -92 +75 +104 -62 -118 -117 +119 -66 -65 +90 +74 +73 -116 -76 -122 -61 +70 -94 +60 +109 +89 -86 +91 -83 -103 +113 +67 +85 +115 -114 +71 +84 -111 +97 -64 +80 +96 +95 +81 -79 +78 -88 -77 +100 +106 +82)
(+1 +2 +3 +4 +5 +6 +7 +8 +9 +10 +11 +12 +13 +14 +15 +16 +17 +18 +19 +20 +21 +22 +23 +24 +25 +26 +27 +28 +29 +30 +31 +32 +33 +34 +35 +36 +37 +38 +39 +40 +41 +42 +43 +44 +45 +46 +47 +48 +49 +50 +51 +52 +53 +54 +55 +56 +57 +58 +59 +87 -110 +108 +72 +93 +68 -99 -63 +121 +102 +69 -120 +107 +112 +101 +98 -105 -92 +75 +104 -62 -118 -117 +119 -66 -65 +90 +74 +73 -116 -76 -122 -61 +70 -94 +60 +109 +89 -86 +91 -83 -103 +113 +67 +85 +115 -114 +71 +84 -111 +97 -64 +80 +96 +95 +81 -79 +78 -88 -77 +100 +106 +82)
(+1 +2 +3 +4 +5 +6 +7 +8 +9 +10 +11 +12 +13 +14 +15 +16 +17 +18 +19 +20 +21 +22 +23 +24 +25 +26 +27 +28 +29 +30 +31 +32 +33 +34 +35 +36 +37 +38 +39 +40 +41 +42 +43 +44 +45 +46 +47 +48 +49 +50 +51 +52 +53 +54 +55 +56 +57 +58 +59 -60 +94 -70 +61 +122 +76 +116 -73 -74 -90 +65 +66 -119 +117 +118 +62 -104 -75 +92 +105 -98 -101 -112 -107 +120 -69 -102 -121 +63 +99 -68 -93 -72 -108 +110 -87 +109 +89 -86 +91 -83 -103 +113 +67 +85 +115 -114 +71 +84 -111 +97 -64 +80 +96 +95 +81 -79 +78 -88 -77 +100 +106 +82)
(+1 +2 +3 +4 +5 +6 +7 +8 +9 +10 +11 +12 +13 +14 +15 +16 +17 +18 +19 +20 +21 +22 +23 +24 +25 +26 +27 +28 +29 +30 +31 +32 +33 +34 +35 +36 +37 +38 +39 +40 +41 +42 +43 +44 +45 +46 +47 +48 +49 +50 +51 +52 +53 +54 +55 +56 +57 +58 +59 +60 +94 -70 +61 +122 +76 +116 -73 -74 -90 +65 +66 -119 +117 +118 +62 -104 -75 +92 +105 -98 -101 -112 -107 +120 -69 -102 -121 +63 +99 -68 -93 -72 -108 +110 -87 +109 +89 -86 +91 -83 -103 +113 +67 +85 +115 -114 +71 +84 -111 +97 -64 +80 +96 +95 +81 -79 +78 -88 -77 +100 +106 +82)
(+1 +2 +3 +4 +5 +6 +7 +8 +9 +10 +11 +12 +13 +14 +15 +16 +17 +18 +19 +20 +21 +22 +23 +24 +25 +26 +27 +28 +29 +30 +31 +32 +33 +34 +35 +36 +37 +38 +39 +40 +41 +42 +43 +44 +45 +46 +47 +48 +49 +50 +51 +52 +53 +54 +55 +56 +57 +58 +59 +60 -61 +70 -94 +122 +76 +116 -73 -74 -90 +65 +66 -119 +117 +118 +62 -104 -75 +92 +105 -98 -101 -112 -107 +120 -69 -102 -121 +63 +99 -68 -93 -72 -108 +110 -87 +109 +89 -86 +91 -83 -103 +113 +67 +85 +115 -114 +71 +84 -111 +97 -64 +80 +96 +95 +81 -79 +78 -88 -77 +100 +106 +82)
(+1 +2 +3 +4 +5 +6 +7 +8 +9 +10 +11 +12 +13 +14 +15 +16 +17 +18 +19 +20 +21 +22 +23 +24 +25 +26 +27 +28 +29 +30 +31 +32 +33 +34 +35 +36 +37 +38 +39 +40 +41 +42 +43 +44 +45 +46 +47 +48 +49 +50 +51 +52 +53 +54 +55 +56 +57 +58 +59 +60 +61 +70 -94 +122 +76 +116 -73 -74 -90 +65 +66 -119 +117 +118 +62 -104 -75 +92 +105 -98 -101 -112 -107 +120 -69 -102 -121 +63 +99 -68 -93 -72 -108 +110 -87 +109 +89 -86 +91 -83 -103 +113 +67 +85 +115 -114 +71 +84 -111 +97 -64 +80 +96 +95 +81 -79 +78 -88 -77 +100 +106 +82)
(+1 +2 +3 +4 +5 +6 +7 +8 +9 +10 +11 +12 +13 +14 +15 +16 +17 +18 +19 +20 +21 +22 +23 +24 +25 +26 +27 +28 +29 +30 +31 +32 +33 +34 +35 +36 +37 +38 +39 +40 +41 +42 +43 +44 +45 +46 +47 +48 +49 +50 +51 +52 +53 +54 +55 +56 +57 +58 +59 +60 +61 -62 -118 -117 +119 -66 -65 +90 +74 +73 -116 -76 -122 +94 -70 -104 -75 +92 +105 -98 -101 -112 -107 +120 -69 -102 -121 +63 +99 -68 -93 -72 -108 +110 -87 +109 +89 -86 +91 -83 -103 +113 +67 +85 +115 -114 +71 +84 -111 +97 -64 +80 +96 +95 +81 -79 +78 -88 -77 +100 +106 +82)
(+1 +2 +3 +4 +5 +6 +7 +8 +9 +10 +11 +12 +13 +14 +15 +16 +17 +18 +19 +20 +21 +22 +23 +24 +25 +26 +27 +28 +29 +30 +31 +32 +33 +34 +35 +36 +37 +38 +39 +40 +41 +42 +43 +44 +45 +46 +47 +48 +49 +50 +51 +52 +53 +54 +55 +56 +57 +58 +59 +60 +61 +62 -118 -117 +119 -66 -65 +90 +74 +73 -116 -76 -122 +94 -70 -104 -75 +92 +105 -98 -101 -112 -107 +120 -69 -102 -121 +63 +99 -68 -93 -72 -108 +110 -87 +109 +89 -86 +91 -83 -103 +113 +67 +85 +115 -114 +71 +84 -111 +97 -64 +80 +96 +95 +81 -79 +78 -88 -77 +100 +106 +82)
(+1 +2 +3 +4 +5 +6 +7 +8 +9 +10 +11 +12 +13 +14 +15 +16 +17 +18 +19 +20 +21 +22 +23 +24 +25 +26 +27 +28 +29 +30 +31 +32 +33 +34 +35 +36 +37 +38 +39 +40 +41 +42 +43 +44 +45 +46 +47 +48 +49 +50 +51 +52 +53 +54 +55 +56 +57 +58 +59 +60 +61 +62 -63 +121 +102 +69 -120 +107 +112 +101 +98 -105 -92 +75 +104 +70 -94 +122 +76 +116 -73 -74 -90 +65 +66 -119 +117 +118 +99 -68 -93 -72 -108 +110 -87 +109 +89 -86 +91 -83 -103 +113 +67 +85 +115 -114 +71 +84 -111 +97 -64 +80 +96 +95 +81 -79 +78 -88 -77 +100 +106 +82)
(+1 +2 +3 +4 +5 +6 +7 +8 +9 +10 +11 +12 +13 +14 +15 +16 +17 +18 +19 +20 +21 +22 +23 +24 +25 +26 +27 +28 +29 +30 +31 +32 +33 +34 +35 +36 +37 +38 +39 +40 +41 +42 +43 +44 +45 +46 +47 +48 +49 +50 +51 +52 +53 +54 +55 +56 +57 +58 +59 +60 +61 +62 +63 +121 +102 +69 -120 +107 +112 +101 +98 -105 -92 +75 +104 +70 -94 +122 +76 +116 -73 -74 -90 +65 +66 -119 +117 +118 +99 -68 -93 -72 -108 +110 -87 +109 +89 -86 +91 -83 -103 +113 +67 +85 +115 -114 +71 +84 -111 +97 -64 +80 +96 +95 +81 -79 +78 -88 -77 +100 +106 +82)
(+1 +2 +3 +4 +5 +6 +7 +8 +9 +10 +11 +12 +13 +14 +15 +16 +17 +18 +19 +20 +21 +22 +23 +24 +25 +26 +27 +28 +29 +30 +31 +32 +33 +34 +35 +36 +37 +38 +39 +40 +41 +42 +43 +44 +45 +46 +47 +48 +49 +50 +51 +52 +53 +54 +55 +56 +57 +58 +59 +60 +61 +62 +63 +64 -97 +111 -84 -71 +114 -115 -85 -67 -113 +103 +83 -91 +86 -89 -109 +87 -110 +108 +72 +93 +68 -99 -118 -117 +119 -66 -65 +90 +74 +73 -116 -76 -122 +94 -70 -104 -75 +92 +105 -98 -101 -112 -107 +120 -69 -102 -121 +80 +96 +95 +81 -79 +78 -88 -77 +100 +106 +82)
(+1 +2 +3 +4 +5 +6 +7 +8 +9 +10 +11 +12 +13 +14 +15 +16 +17 +18 +19 +20 +21 +22 +23 +24 +25 +26 +27 +28 +29 +30 +31 +32 +33 +34 +35 +36 +37 +38 +39 +40 +41 +42 +43 +44 +45 +46 +47 +48 +49 +50 +51 +52 +53 +54 +55 +56 +57 +58 +59 +60 +61 +62 +63 +64 +65 +66 -119 +117 +118 +99 -68 -93 -72 -108 +110 -87 +109 +89 -86 +91 -83 -103 +113 +67 +85 +115 -114 +71 +84 -111 +97 +90 +74 +73 -116 -76 -122 +94 -70 -104 -75 +92 +105 -98 -101 -112 -107 +120 -69 -102 -121 +80 +96 +95 +81 -79 +78 -88 -77 +100 +106 +82)
(+1 +2 +3 +4 +5 +6 +7 +8 +9 +10 +11 +12 +13 +14 +15 +16 +17 +18 +19 +20 +21 +22 +23 +24 +25 +26 +27 +28 +29 +30 +31 +32 +33 +34 +35 +36 +37 +38 +39 +40 +41 +42 +43 +44 +45 +46 +47 +48 +49 +50 +51 +52 +53 +54 +55 +56 +57 +58 +59 +60 +61 +62 +63 +64 +65 +66 -67 -113 +103 +83 -91 +86 -89 -109 +87 -110 +108 +72 +93 +68 -99 -118 -117 +119 +85 +115 -114 +71 +84 -111 +97 +90 +74 +73 -116 -76 -122 +94 -70 -104 -75 +92 +105 -98 -101 -112 -107 +120 -69 -102 -121 +80 +96 +95 +81 -79 +78 -88 -77 +100 +106 +82)
(+1 +2 +3 +4 +5 +6 +7 +8 +9 +10 +11 +12 +13 +14 +15 +16 +17 +18 +19 +20 +21 +22 +23 +24 +25 +26 +27 +28 +29 +30 +31 +32 +33 +34 +35 +36 +37 +38 +39 +40 +41 +42 +43 +44 +45 +46 +47 +48 +49 +50 +51 +52 +53 +54 +55 +56 +57 +58 +59 +60 +61 +62 +63 +64 +65 +66 +67 -113 +103 +83 -91 +86 -89 -109 +87 -110 +108 +72 +93 +68 -99 -118 -117 +119 +85 +115 -114 +71 +84 -111 +97 +90 +74 +73 -116 -76 -122 +94 -70 -104 -75 +92 +105 -98 -101 -112 -107 +120 -69 -102 -121 +80 +96 +95 +81 -79 +78 -88 -77 +100 +106 +82)
(+1 +2 +3 +4 +5 +6 +7 +8 +9 +10 +11 +12 +13 +14 +15 +16 +17 +18 +19 +20 +21 +22 +23 +24 +25 +26 +27 +28 +29 +30 +31 +32 +33 +34 +35 +36 +37 +38 +39 +40 +41 +42 +43 +44 +45 +46 +47 +48 +49 +50 +51 +52 +53 +54 +55 +56 +57 +58 +59 +60 +61 +62 +63 +64 +65 +66 +67 -68 -93 -72 -108 +110 -87 +109 +89 -86 +91 -83 -103 +113 -99 -118 -117 +119 +85 +115 -114 +71 +84 -111 +97 +90 +74 +73 -116 -76 -122 +94 -70 -104 -75 +92 +105 -98 -101 -112 -107 +120 -69 -102 -121 +80 +96 +95 +81 -79 +78 -88 -77 +100 +106 +82)
(+1 +2 +3 +4 +5 +6 +7 +8 +9 +10 +11 +12 +13 +14 +15 +16 +17 +18 +19 +20 +21 +22 +23 +24 +25 +26 +27 +28 +29 +30 +31 +32 +33 +34 +35 +36 +37 +38 +39 +40 +41 +42 +43 +44 +45 +46 +47 +48 +49 +50 +51 +52 +53 +54 +55 +56 +57 +58 +59 +60 +61 +62 +63 +64 +65 +66 +67 +68 -93 -72 -108 +110 -87 +109 +89 -86 +91 -83 -103 +113 -99 -118 -117 +119 +85 +115 -114 +71 +84 -111 +97 +90 +74 +73 -116 -76 -122 +94 -70 -104 -75 +92 +105 -98 -101 -112 -107 +120 -69 -102 -121 +80 +96 +95 +81 -79 +78 -88 -77 +100 +106 +82)
(+1 +2 +3 +4 +5 +6 +7 +8 +9 +10 +11 +12 +13 +14 +15 +16 +17 +18 +19 +20 +21 +22 +23 +24 +25 +26 +27 +28 +29 +30 +31 +32 +33 +34 +35 +36 +37 +38 +39 +40 +41 +42 +43 +44 +45 +46 +47 +48 +49 +50 +51 +52 +53 +54 +55 +56 +57 +58 +59 +60 +61 +62 +63 +64 +65 +66 +67 +68 +69 -120 +107 +112 +101 +98 -105 -92 +75 +104 +70 -94 +122 +76 +116 -73 -74 -90 -97 +111 -84 -71 +114 -115 -85 -119 +117 +118 +99 -113 +103 +83 -91 +86 -89 -109 +87 -110 +108 +72 +93 -102 -121 +80 +96 +95 +81 -79 +78 -88 -77 +100 +106 +82)
(+1 +2 +3 +4 +5 +6 +7 +8 +9 +10 +11 +12 +13 +14 +15 +16 +17 +18 +19 +20 +21 +22 +23 +24 +25 +26 +27 +28 +29 +30 +31 +32 +33 +34 +35 +36 +37 +38 +39 +40 +41 +42 +43 +44 +45 +46 +47 +48 +49 +50 +51 +52 +53 +54 +55 +56 +57 +58 +59 +60 +61 +62 +63 +64 +65 +66 +67 +68 +69 -70 -104 -75 +92 +105 -98 -101 -112 -107 +120 -94 +122 +76 +116 -73 -74 -90 -97 +111 -84 -71 +114 -115 -85 -119 +117 +118 +99 -113 +103 +83 -91 +86 -89 -109 +87 -110 +108 +72 +93 -102 -121 +80 +96 +95 +81 -79 +78 -88 -77 +100 +106 +82)
(+1 +2 +3 +4 +5 +6 +7 +8 +9 +10 +11 +12 +13 +14 +15 +16 +17 +18 +19 +20 +21 +22 +23 +24 +25 +26 +27 +28 +29 +30 +31 +32 +33 +34 +35 +36 +37 +38 +39 +40 +41 +42 +43 +44 +45 +46 +47 +48 +49 +50 +51 +52 +53 +54 +55 +56 +57 +58 +59 +60 +61 +62 +63 +64 +65 +66 +67 +68 +69 +70 -104 -75 +92 +105 -98 -101 -112 -107 +120 -94 +122 +76 +116 -73 -74 -90 -97 +111 -84 -71 +114 -115 -85 -119 +117 +118 +99 -113 +103 +83 -91 +86 -89 -109 +87 -110 +108 +72 +93 -102 -121 +80 +96 +95 +81 -79 +78 -88 -77 +100 +106 +82)
(+1 +2 +3 +4 +5 +6 +7 +8 +9 +10 +11 +12 +13 +14 +15 +16 +17 +18 +19 +20 +21 +22 +23 +24 +25 +26 +27 +28 +29 +30 +31 +32 +33 +34 +35 +36 +37 +38 +39 +40 +41 +42 +43 +44 +45 +46 +47 +48 +49 +50 +51 +52 +53 +54 +55 +56 +57 +58 +59 +60 +61 +62 +63 +64 +65 +66 +67 +68 +69 +70 +71 +84 -111 +97 +90 +74 +73 -116 -76 -122 +94 -120 +107 +112 +101 +98 -105 -92 +75 +104 +114 -115 -85 -119 +117 +118 +99 -113 +103 +83 -91 +86 -89 -109 +87 -110 +108 +72 +93 -102 -121 +80 +96 +95 +81 -79 +78 -88 -77 +100 +106 +82)
(+1 +2 +3 +4 +5 +6 +7 +8 +9 +10 +11 +12 +13 +14 +15 +16 +17 +18 +19 +20 +21 +22 +23 +24 +25 +26 +27 +28 +29 +30 +31 +32 +33 +34 +35 +36 +37 +38 +39 +40 +41 +42 +43 +44 +45 +46 +47 +48 +49 +50 +51 +52 +53 +54 +55 +56 +57 +58 +59 +60 +61 +62 +63 +64 +65 +66 +67 +68 +69 +70 +71 -72 -108 +110 -87 +109 +89 -86 +91 -83 -103 +113 -99 -118 -117 +119 +85 +115 -114 -104 -75 +92 +105 -98 -101 -112 -107 +120 -94 +122 +76 +116 -73 -74 -90 -97 +111 -84 +93 -102 -121 +80 +96 +95 +81 -79 +78 -88 -77 +100 +106 +82)
(+1 +2 +3 +4 +5 +6 +7 +8 +9 +10 +11 +12 +13 +14 +15 +16 +17 +18 +19 +20 +21 +22 +23 +24 +25 +26 +27 +28 +29 +30 +31 +32 +33 +34 +35 +36 +37 +38 +39 +40 +41 +42 +43 +44 +45 +46 +47 +48 +49 +50 +51 +52 +53 +54 +55 +56 +57 +58 +59 +60 +61 +62 +63 +64 +65 +66 +67 +68 +69 +70 +71 +72 -108 +110 -87 +109 +89 -86 +91 -83 -103 +113 -99 -118 -117 +119 +85 +115 -114 -104 -75 +92 +105 -98 -101 -112 -107 +120 -94 +122 +76 +116 -73 -74 -90 -97 +111 -84 +93 -102 -121 +80 +96 +95 +81 -79 +78 -88 -77 +100 +106 +82)
(+1 +2 +3 +4 +5 +6 +7 +8 +9 +10 +11 +12 +13 +14 +15 +16 +17 +18 +19 +20 +21 +22 +23 +24 +25 +26 +27 +28 +29 +30 +31 +32 +33 +34 +35 +36 +37 +38 +39 +40 +41 +42 +43 +44 +45 +46 +47 +48 +49 +50 +51 +52 +53 +54 +55 +56 +57 +58 +59 +60 +61 +62 +63 +64 +65 +66 +67 +68 +69 +70 +71 +72 +73 -116 -76 -122 +94 -120 +107 +112 +101 +98 -105 -92 +75 +104 +114 -115 -85 -119 +117 +118 +99 -113 +103 +83 -91 +86 -89 -109 +87 -110 +108 -74 -90 -97 +111 -84 +93 -102 -121 +80 +96 +95 +81 -79 +78 -88 -77 +100 +106 +82)
(+1 +2 +3 +4 +5 +6 +7 +8 +9 +10 +11 +12 +13 +14 +15 +16 +17 +18 +19 +20 +21 +22 +23 +24 +25 +26 +27 +28 +29 +30 +31 +32 +33 +34 +35 +36 +37 +38 +39 +40 +41 +42 +43 +44 +45 +46 +47 +48 +49 +50 +51 +52 +53 +54 +55 +56 +57 +58 +59 +60 +61 +62 +63 +64 +65 +66 +67 +68 +69 +70 +71 +72 +73 +74 -108 +110 -87 +109 +89 -86 +91 -83 -103 +113 -99 -118 -117 +119 +85 +115 -114 -104 -75 +92 +105 -98 -101 -112 -107 +120 -94 +122 +76 +116 -90 -97 +111 -84 +93 -102 -121 +80 +96 +95 +81 -79 +78 -88 -77 +100 +106 +82)
(+1 +2 +3 +4 +5 +6 +7 +8 +9 +10 +11 +12 +13 +14 +15 +16 +17 +18 +19 +20 +21 +22 +23 +24 +25 +26 +27 +28 +29 +30 +31 +32 +33 +34 +35 +36 +37 +38 +39 +40 +41 +42 +43 +44 +45 +46 +47 +48 +49 +50 +51 +52 +53 +54 +55 +56 +57 +58 +59 +60 +61 +62 +63 +64 +65 +66 +67 +68 +69 +70 +71 +72 +73 +74 +75 +104 +114 -115 -85 -119 +117 +118 +99 -113 +103 +83 -91 +86 -89 -109 +87 -110 +108 +92 +105 -98 -101 -112 -107 +120 -94 +122 +76 +116 -90 -97 +111 -84 +93 -102 -121 +80 +96 +95 +81 -79 +78 -88 -77 +100 +106 +82)
(+1 +2 +3 +4 +5 +6 +7 +8 +9 +10 +11 +12 +13 +14 +15 +16 +17 +18 +19 +20 +21 +22 +23 +24 +25 +26 +27 +28 +29 +30 +31 +32 +33 +34 +35 +36 +37 +38 +39 +40 +41 +42 +43 +44 +45 +46 +47 +48 +49 +50 +51 +52 +53 +54 +55 +56 +57 +58 +59 +60 +61 +62 +63 +64 +65 +66 +67 +68 +69 +70 +71 +72 +73 +74 +75 -76 -122 +94 -120 +107 +112 +101 +98 -105 -92 -108 +110 -87 +109 +89 -86 +91 -83 -103 +113 -99 -118 -117 +119 +85 +115 -114 -104 +116 -90 -97 +111 -84 +93 -102 -121 +80 +96 +95 +81 -79 +78 -88 -77 +100 +106 +82)
(+1 +2 +3 +4 +5 +6 +7 +8 +9 +10 +11 +12 +13 +14 +15 +16 +17 +18 +19 +20 +21 +22 +23 +24 +25 +26 +27 +28 +29 +30 +31 +32 +33 +34 +35 +36 +37 +38 +39 +40 +41 +42 +43 +44 +45 +46 +47 +48 +49 +50 +51 +52 +53 +54 +55 +56 +57 +58 +59 +60 +61 +62 +63 +64 +65 +66 +67 +68 +69 +70 +71 +72 +73 +74 +75 +76 -122 +94 -120 +107 +112 +101 +98 -105 -92 -108 +110 -87 +109 +89 -86 +91 -83 -103 +113 -99 -118 -117 +119 +85 +115 -114 -104 +116 -90 -97 +111 -84 +93 -102 -121 +80 +96 +95 +81 -79 +78 -88 -77 +100 +106 +82)
(+1 +2 +3 +4 +5 +6 +7 +8 +9 +10 +11 +12 +13 +14 +15 +16 +17 +18 +19 +20 +21 +22 +23 +24 +25 +26 +27 +28 +29 +30 +31 +32 +33 +34 +35 +36 +37 +38 +39 +40 +41 +42 +43 +44 +45 +46 +47 +48 +49 +50 +51 +52 +53 +54 +55 +56 +57 +58 +59 +60 +61 +62 +63 +64 +65 +66 +67 +68 +69 +70 +71 +72 +73 +74 +75 +76 +77 +88 -78 +79 -81 -95 -96 -80 +121 +102 -93 +84 -111 +97 +90 -116 +104 +114 -115 -85 -119 +117 +118 +99 -113 +103 +83 -91 +86 -89 -109 +87 -110 +108 +92 +105 -98 -101 -112 -107 +120 -94 +122 +100 +106 +82)
(+1 +2 +3 +4 +5 +6 +7 +8 +9 +10 +11 +12 +13 +14 +15 +16 +17 +18 +19 +20 +21 +22 +23 +24 +25 +26 +27 +28 +29 +30 +31 +32 +33 +34 +35 +36 +37 +38 +39 +40 +41 +42 +43 +44 +45 +46 +47 +48 +49 +50 +51 +52 +53 +54 +55 +56 +57 +58 +59 +60 +61 +62 +63 +64 +65 +66 +67 +68 +69 +70 +71 +72 +73 +74 +75 +76 +77 +78 -88 +79 -81 -95 -96 -80 +121 +102 -93 +84 -111 +97 +90 -116 +104 +114 -115 -85 -119 +117 +118 +99 -113 +103 +83 -91 +86 -89 -109 +87 -110 +108 +92 +105 -98 -101 -112 -107 +120 -94 +122 +100 +106 +82)
(+1 +2 +3 +4 +5 +6 +7 +8 +9 +10 +11 +12 +13 +14 +15 +16 +17 +18 +19 +20 +21 +22 +23 +24 +25 +26 +27 +28 +29 +30 +31 +32 +33 +34 +35 +36 +37 +38 +39 +40 +41 +42 +43 +44 +45 +46 +47 +48 +49 +50 +51 +52 +53 +54 +55 +56 +57 +58 +59 +60 +61 +62 +63 +64 +65 +66 +67 +68 +69 +70 +71 +72 +73 +74 +75 +76 +77 +78 -79 +88 -81 -95 -96 -80 +121 +102 -93 +84 -111 +97 +90 -116 +104 +114 -115 -85 -119 +117 +118 +99 -113 +103 +83 -91 +86 -89 -109 +87 -110 +108 +92 +105 -98 -101 -112 -107 +120 -94 +122 +100 +106 +82)
(+1 +2 +3 +4 +5 +6 +7 +8 +9 +10 +11 +12 +13 +14 +15 +16 +17 +18 +19 +20 +21 +22 +23 +24 +25 +26 +27 +28 +29 +30 +31 +32 +33 +34 +35 +36 +37 +38 +39 +40 +41 +42 +43 +44 +45 +46 +47 +48 +49 +50 +51 +52 +53 +54 +55 +56 +57 +58 +59 +60 +61 +62 +63 +64 +65 +66 +67 +68 +69 +70 +71 +72 +73 +74 +75 +76 +77 +78 +79 +88 -81 -95 -96 -80 +121 +102 -93 +84 -111 +97 +90 -116 +104 +114 -115 -85 -119 +117 +118 +99 -113 +103 +83 -91 +86 -89 -109 +87 -110 +108 +92 +105 -98 -101 -112 -107 +120 -94 +122 +100 +106 +82)
(+1 +2 +3 +4 +5 +6 +7 +8 +9 +10 +11 +12 +13 +14 +15 +16 +17 +18 +19 +20 +21 +22 +23 +24 +25 +26 +27 +28 +29 +30 +31 +32 +33 +34 +35 +36 +37 +38 +39 +40 +41 +42 +43 +44 +45 +46 +47 +48 +49 +50 +51 +52 +53 +54 +55 +56 +57 +58 +59 +60 +61 +62 +63 +64 +65 +66 +67 +68 +69 +70 +71 +72 +73 +74 +75 +76 +77 +78 +79 +80 +96 +95 +81 -88 +121 +102 -93 +84 -111 +97 +90 -116 +104 +114 -115 -85 -119 +117 +118 +99 -113 +103 +83 -91 +86 -89 -109 +87 -110 +108 +92 +105 -98 -101 -112 -107 +120 -94 +122 +100 +106 +82)
(+1 +2 +3 +4 +5 +6 +7 +8 +9 +10 +11 +12 +13 +14 +15 +16 +17 +18 +19 +20 +21 +22 +23 +24 +25 +26 +27 +28 +29 +30 +31 +32 +33 +34 +35 +36 +37 +38 +39 +40 +41 +42 +43 +44 +45 +46 +47 +48 +49 +50 +51 +52 +53 +54 +55 +56 +57 +58 +59 +60 +61 +62 +63 +64 +65 +66 +67 +68 +69 +70 +71 +72 +73 +74 +75 +76 +77 +78 +79 +80 -81 -95 -96 -88 +121 +102 -93 +84 -111 +97 +90 -116 +104 +114 -115 -85 -119 +117 +118 +99 -113 +103 +83 -91 +86 -89 -109 +87 -110 +108 +92 +105 -98 -101 -112 -107 +120 -94 +122 +100 +106 +82)
(+1 +2 +3 +4 +5 +6 +7 +8 +9 +10 +11 +12 +13 +14 +15 +16 +17 +18 +19 +20 +21 +22 +23 +24 +25 +26 +27 +28 +29 +30 +31 +32 +33 +34 +35 +36 +37 +38 +39 +40 +41 +42 +43 +44 +45 +46 +47 +48 +49 +50 +51 +52 +53 +54 +55 +56 +57 +58 +59 +60 +61 +62 +63 +64 +65 +66 +67 +68 +69 +70 +71 +72 +73 +74 +75 +76 +77 +78 +79 +80 +81 -95 -96 -88 +121 +102 -93 +84 -111 +97 +90 -116 +104 +114 -115 -85 -119 +117 +118 +99 -113 +103 +83 -91 +86 -89 -109 +87 -110 +108 +92 +105 -98 -101 -112 -107 +120 -94 +122 +100 +106 +82)
(+1 +2 +3 +4 +5 +6 +7 +8 +9 +10 +11 +12 +13 +14 +15 +16 +17 +18 +19 +20 +21 +22 +23 +24 +25 +26 +27 +28 +29 +30 +31 +32 +33 +34 +35 +36 +37 +38 +39 +40 +41 +42 +43 +44 +45 +46 +47 +48 +49 +50 +51 +52 +53 +54 +55 +56 +57 +58 +59 +60 +61 +62 +63 +64 +65 +66 +67 +68 +69 +70 +71 +72 +73 +74 +75 +76 +77 +78 +79 +80 +81 -82 -106 -100 -122 +94 -120 +107 +112 +101 +98 -105 -92 -108 +110 -87 +109 +89 -86 +91 -83 -103 +113 -99 -118 -117 +119 +85 +115 -114 -104 +116 -90 -97 +111 -84 +93 -102 -121 +88 +96 +95)
(+1 +2 +3 +4 +5 +6 +7 +8 +9 +10 +11 +12 +13 +14 +15 +16 +17 +18 +19 +20 +21 +22 +23 +24 +25 +26 +27 +28 +29 +30 +31 +32 +33 +34 +35 +36 +37 +38 +39 +40 +41 +42 +43 +44 +45 +46 +47 +48 +49 +50 +51 +52 +53 +54 +55 +56 +57 +58 +59 +60 +61 +62 +63 +64 +65 +66 +67 +68 +69 +70 +71 +72 +73 +74 +75 +76 +77 +78 +79 +80 +81 +82 -106 -100 -122 +94 -120 +107 +112 +101 +98 -105 -92 -108 +110 -87 +109 +89 -86 +91 -83 -103 +113 -99 -118 -117 +119 +85 +115 -114 -104 +116 -90 -97 +111 -84 +93 -102 -121 +88 +96 +95)
(+1 +2 +3 +4 +5 +6 +7 +8 +9 +10 +11 +12 +13 +14 +15 +16 +17 +18 +19 +20 +21 +22 +23 +24 +25 +26 +27 +28 +29 +30 +31 +32 +33 +34 +35 +36 +37 +38 +39 +40 +41 +42 +43 +44 +45 +46 +47 +48 +49 +50 +51 +52 +53 +54 +55 +56 +57 +58 +59 +60 +61 +62 +63 +64 +65 +66 +67 +68 +69 +70 +71 +72 +73 +74 +75 +76 +77 +78 +79 +80 +81 +82 +83 -91 +86 -89 -109 +87 -110 +108 +92 +105 -98 -101 -112 -107 +120 -94 +122 +100 +106 -103 +113 -99 -118 -117 +119 +85 +115 -114 -104 +116 -90 -97 +111 -84 +93 -102 -121 +88 +96 +95)
(+1 +2 +3 +4 +5 +6 +7 +8 +9 +10 +11 +12 +13 +14 +15 +16 +17 +18 +19 +20 +21 +22 +23 +24 +25 +26 +27 +28 +29 +30 +31 +32 +33 +34 +35 +36 +37 +38 +39 +40 +41 +42 +43 +44 +45 +46 +47 +48 +49 +50 +51 +52 +53 +54 +55 +56 +57 +58 +59 +60 +61 +62 +63 +64 +65 +66 +67 +68 +69 +70 +71 +72 +73 +74 +75 +76 +77 +78 +79 +80 +81 +82 +83 +84 -111 +97 +90 -116 +104 +114 -115 -85 -119 +117 +118 +99 -113 +103 -106 -100 -122 +94 -120 +107 +112 +101 +98 -105 -92 -108 +110 -87 +109 +89 -86 +91 +93 -102 -121 +88 +96 +95)
(+1 +2 +3 +4 +5 +6 +7 +8 +9 +10 +11 +12 +13 +14 +15 +16 +17 +18 +19 +20 +21 +22 +23 +24 +25 +26 +27 +28 +29 +30 +31 +32 +33 +34 +35 +36 +37 +38 +39 +40 +41 +42 +43 +44 +45 +46 +47 +48 +49 +50 +51 +52 +53 +54 +55 +56 +57 +58 +59 +60 +61 +62 +63 +64 +65 +66 +67 +68 +69 +70 +71 +72 +73 +74 +75 +76 +77 +78 +79 +80 +81 +82 +83 +84 +85 +115 -114 -104 +116 -90 -97 +111 -119 +117 +118 +99 -113 +103 -106 -100 -122 +94 -120 +107 +112 +101 +98 -105 -92 -108 +110 -87 +109 +89 -86 +91 +93 -102 -121 +88 +96 +95)
(+1 +2 +3 +4 +5 +6 +7 +8 +9 +10 +11 +12 +13 +14 +15 +16 +17 +18 +19 +20 +21 +22 +23 +24 +25 +26 +27 +28 +29 +30 +31 +32 +33 +34 +35 +36 +37 +38 +39 +40 +41 +42 +43 +44 +45 +46 +47 +48 +49 +50 +51 +52 +53 +54 +55 +56 +57 +58 +59 +60 +61 +62 +63 +64 +65 +66 +67 +68 +69 +70 +71 +72 +73 +74 +75 +76 +77 +78 +79 +80 +81 +82 +83 +84 +85 +86 -89 -109 +87 -110 +108 +92 +105 -98 -101 -112 -107 +120 -94 +122 +100 +106 -103 +113 -99 -118 -117 +119 -111 +97 +90 -116 +104 +114 -115 +91 +93 -102 -121 +88 +96 +95)
(+1 +2 +3 +4 +5 +6 +7 +8 +9 +10 +11 +12 +13 +14 +15 +16 +17 +18 +19 +20 +21 +22 +23 +24 +25 +26 +27 +28 +29 +30 +31 +32 +33 +34 +35 +36 +37 +38 +39 +40 +41 +42 +43 +44 +45 +46 +47 +48 +49 +50 +51 +52 +53 +54 +55 +56 +57 +58 +59 +60 +61 +62 +63 +64 +65 +66 +67 +68 +69 +70 +71 +72 +73 +74 +75 +76 +77 +78 +79 +80 +81 +82 +83 +84 +85 +86 -87 +109 +89 -110 +108 +92 +105 -98 -101 -112 -107 +120 -94 +122 +100 +106 -103 +113 -99 -118 -117 +119 -111 +97 +90 -116 +104 +114 -115 +91 +93 -102 -121 +88 +96 +95)
(+1 +2 +3 +4 +5 +6 +7 +8 +9 +10 +11 +12 +13 +14 +15 +16 +17 +18 +19 +20 +21 +22 +23 +24 +25 +26 +27 +28 +29 +30 +31 +32 +33 +34 +35 +36 +37 +38 +39 +40 +41 +42 +43 +44 +45 +46 +47 +48 +49 +50 +51 +52 +53 +54 +55 +56 +57 +58 +59 +60 +61 +62 +63 +64 +65 +66 +67 +68 +69 +70 +71 +72 +73 +74 +75 +76 +77 +78 +79 +80 +81 +82 +83 +84 +85 +86 +87 +109 +89 -110 +108 +92 +105 -98 -101 -112 -107 +120 -94 +122 +100 +106 -103 +113 -99 -118 -117 +119 -111 +97 +90 -116 +104 +114 -115 +91 +93 -102 -121 +88 +96 +95)
(+1 +2 +3 +4 +5 +6 +7 +8 +9 +10 +11 +12 +13 +14 +15 +16 +17 +18 +19 +20 +21 +22 +23 +24 +25 +26 +27 +28 +29 +30 +31 +32 +33 +34 +35 +36 +37 +38 +39 +40 +41 +42 +43 +44 +45 +46 +47 +48 +49 +50 +51 +52 +53 +54 +55 +56 +57 +58 +59 +60 +61 +62 +63 +64 +65 +66 +67 +68 +69 +70 +71 +72 +73 +74 +75 +76 +77 +78 +79 +80 +81 +82 +83 +84 +85 +86 +87 -88 +121 +102 -93 -91 +115 -114 -104 +116 -90 -97 +111 -119 +117 +118 +99 -113 +103 -106 -100 -122 +94 -120 +107 +112 +101 +98 -105 -92 -108 +110 -89 -109 +96 +95)
(+1 +2 +3 +4 +5 +6 +7 +8 +9 +10 +11 +12 +13 +14 +15 +16 +17 +18 +19 +20 +21 +22 +23 +24 +25 +26 +27 +28 +29 +30 +31 +32 +33 +34 +35 +36 +37 +38 +39 +40 +41 +42 +43 +44 +45 +46 +47 +48 +49 +50 +51 +52 +53 +54 +55 +56 +57 +58 +59 +60 +61 +62 +63 +64 +65 +66 +67 +68 +69 +70 +71 +72 +73 +74 +75 +76 +77 +78 +79 +80 +81 +82 +83 +84 +85 +86 +87 +88 +121 +102 -93 -91 +115 -114 -104 +116 -90 -97 +111 -119 +117 +118 +99 -113 +103 -106 -100 -122 +94 -120 +107 +112 +101 +98 -105 -92 -108 +110 -89 -109 +96 +95)
(+1 +2 +3 +4 +5 +6 +7 +8 +9 +10 +11 +12 +13 +14 +15 +16 +17 +18 +19 +20 +21 +22 +23 +24 +25 +26 +27 +28 +29 +30 +31 +32 +33 +34 +35 +36 +37 +38 +39 +40 +41 +42 +43 +44 +45 +46 +47 +48 +49 +50 +51 +52 +53 +54 +55 +56 +57 +58 +59 +60 +61 +62 +63 +64 +65 +66 +67 +68 +69 +70 +71 +72 +73 +74 +75 +76 +77 +78 +79 +80 +81 +82 +83 +84 +85 +86 +87 +88 +89 -110 +108 +92 +105 -98 -101 -112 -107 +120 -94 +122 +100 +106 -103 +113 -99 -118 -117 +119 -111 +97 +90 -116 +104 +114 -115 +91 +93 -102 -121 -109 +96 +95)
(+1 +2 +3 +4 +5 +6 +7 +8 +9 +10 +11 +12 +13 +14 +15 +16 +17 +18 +19 +20 +21 +22 +23 +24 +25 +26 +27 +28 +29 +30 +31 +32 +33 +34 +35 +36 +37 +38 +39 +40 +41 +42 +43 +44 +45 +46 +47 +48 +49 +50 +51 +52 +53 +54 +55 +56 +57 +58 +59 +60 +61 +62 +63 +64 +65 +66 +67 +68 +69 +70 +71 +72 +73 +74 +75 +76 +77 +78 +79 +80 +81 +82 +83 +84 +85 +86 +87 +88 +89 -90 -97 +111 -119 +117 +118 +99 -113 +103 -106 -100 -122 +94 -120 +107 +112 +101 +98 -105 -92 -108 +110 -116 +104 +114 -115 +91 +93 -102 -121 -109 +96 +95)
(+1 +2 +3 +4 +5 +6 +7 +8 +9 +10 +11 +12 +13 +14 +15 +16 +17 +18 +19 +20 +21 +22 +23 +24 +25 +26 +27 +28 +29 +30 +31 +32 +33 +34 +35 +36 +37 +38 +39 +40 +41 +42 +43 +44 +45 +46 +47 +48 +49 +50 +51 +52 +53 +54 +55 +56 +57 +58 +59 +60 +61 +62 +63 +64 +65 +66 +67 +68 +69 +70 +71 +72 +73 +74 +75 +76 +77 +78 +79 +80 +81 +82 +83 +84 +85 +86 +87 +88 +89 +90 -97 +111 -119 +117 +118 +99 -113 +103 -106 -100 -122 +94 -120 +107 +112 +101 +98 -105 -92 -108 +110 -116 +104 +114 -115 +91 +93 -102 -121 -109 +96 +95)
(+1 +2 +3 +4 +5 +6 +7 +8 +9 +10 +11 +12 +13 +14 +15 +16 +17 +18 +19 +20 +21 +22 +23 +24 +25 +26 +27 +28 +29 +30 +31 +32 +33 +34 +35 +36 +37 +38 +39 +40 +41 +42 +43 +44 +45 +46 +47 +48 +49 +50 +51 +52 +53 +54 +55 +56 +57 +58 +59 +60 +61 +62 +63 +64 +65 +66 +67 +68 +69 +70 +71 +72 +73 +74 +75 +76 +77 +78 +79 +80 +81 +82 +83 +84 +85 +86 +87 +88 +89 +90 -91 +115 -114 -104 +116 -110 +108 +92 +105 -98 -101 -112 -107 +120 -94 +122 +100 +106 -103 +113 -99 -118 -117 +119 -111 +97 +93 -102 -121 -109 +96 +95)
(+1 +2 +3 +4 +5 +6 +7 +8 +9 +10 +11 +12 +13 +14 +15 +16 +17 +18 +19 +20 +21 +22 +23 +24 +25 +26 +27 +28 +29 +30 +31 +32 +33 +34 +35 +36 +37 +38 +39 +40 +41 +42 +43 +44 +45 +46 +47 +48 +49 +50 +51 +52 +53 +54 +55 +56 +57 +58 +59 +60 +61 +62 +63 +64 +65 +66 +67 +68 +69 +70 +71 +72 +73 +74 +75 +76 +77 +78 +79 +80 +81 +82 +83 +84 +85 +86 +87 +88 +89 +90 +91 +115 -114 -104 +116 -110 +108 +92 +105 -98 -101 -112 -107 +120 -94 +122 +100 +106 -103 +113 -99 -118 -117 +119 -111 +97 +93 -102 -121 -109 +96 +95)
(+1 +2 +3 +4 +5 +6 +7 +8 +9 +10 +11 +12 +13 +14 +15 +16 +17 +18 +19 +20 +21 +22 +23 +24 +25 +26 +27 +28 +29 +30 +31 +32 +33 +34 +35 +36 +37 +38 +39 +40 +41 +42 +43 +44 +45 +46 +47 +48 +49 +50 +51 +52 +53 +54 +55 +56 +57 +58 +59 +60 +61 +62 +63 +64 +65 +66 +67 +68 +69 +70 +71 +72 +73 +74 +75 +76 +77 +78 +79 +80 +81 +82 +83 +84 +85 +86 +87 +88 +89 +90 +91 -92 -108 +110 -116 +104 +114 -115 +105 -98 -101 -112 -107 +120 -94 +122 +100 +106 -103 +113 -99 -118 -117 +119 -111 +97 +93 -102 -121 -109 +96 +95)
(+1 +2 +3 +4 +5 +6 +7 +8 +9 +10 +11 +12 +13 +14 +15 +16 +17 +18 +19 +20 +21 +22 +23 +24 +25 +26 +27 +28 +29 +30 +31 +32 +33 +34 +35 +36 +37 +38 +39 +40 +41 +42 +43 +44 +45 +46 +47 +48 +49 +50 +51 +52 +53 +54 +55 +56 +57 +58 +59 +60 +61 +62 +63 +64 +65 +66 +67 +68 +69 +70 +71 +72 +73 +74 +75 +76 +77 +78 +79 +80 +81 +82 +83 +84 +85 +86 +87 +88 +89 +90 +91 +92 -108 +110 -116 +104 +114 -115 +105 -98 -101 -112 -107 +120 -94 +122 +100 +106 -103 +113 -99 -118 -117 +119 -111 +97 +93 -102 -121 -109 +96 +95)
(+1 +2 +3 +4 +5 +6 +7 +8 +9 +10 +11 +12 +13 +14 +15 +16 +17 +18 +19 +20 +21 +22 +23 +24 +25 +26 +27 +28 +29 +30 +31 +32 +33 +34 +35 +36 +37 +38 +39 +40 +41 +42 +43 +44 +45 +46 +47 +48 +49 +50 +51 +52 +53 +54 +55 +56 +57 +58 +59 +60 +61 +62 +63 +64 +65 +66 +67 +68 +69 +70 +71 +72 +73 +74 +75 +76 +77 +78 +79 +80 +81 +82 +83 +84 +85 +86 +87 +88 +89 +90 +91 +92 -93 -97 +111 -119 +117 +118 +99 -113 +103 -106 -100 -122 +94 -120 +107 +112 +101 +98 -105 +115 -114 -104 +116 -110 +108 -102 -121 -109 +96 +95)
(+1 +2 +3 +4 +5 +6 +7 +8 +9 +10 +11 +12 +13 +14 +15 +16 +17 +18 +19 +20 +21 +22 +23 +24 +25 +26 +27 +28 +29 +30 +31 +32 +33 +34 +35 +36 +37 +38 +39 +40 +41 +42 +43 +44 +45 +46 +47 +48 +49 +50 +51 +52 +53 +54 +55 +56 +57 +58 +59 +60 +61 +62 +63 +64 +65 +66 +67 +68 +69 +70 +71 +72 +73 +74 +75 +76 +77 +78 +79 +80 +81 +82 +83 +84 +85 +86 +87 +88 +89 +90 +91 +92 +93 -97 +111 -119 +117 +118 +99 -113 +103 -106 -100 -122 +94 -120 +107 +112 +101 +98 -105 +115 -114 -104 +116 -110 +108 -102 -121 -109 +96 +95)
(+1 +2 +3 +4 +5 +6 +7 +8 +9 +10 +11 +12 +13 +14 +15 +16 +17 +18 +19 +20 +21 +22 +23 +24 +25 +26 +27 +28 +29 +30 +31 +32 +33 +34 +35 +36 +37 +38 +39 +40 +41 +42 +43 +44 +45 +46 +47 +48 +49 +50 +51 +52 +53 +54 +55 +56 +57 +58 +59 +60 +61 +62 +63 +64 +65 +66 +67 +68 +69 +70 +71 +72 +73 +74 +75 +76 +77 +78 +79 +80 +81 +82 +83 +84 +85 +86 +87 +88 +89 +90 +91 +92 +93 -94 +122 +100 +106 -103 +113 -99 -118 -117 +119 -111 +97 -120 +107 +112 +101 +98 -105 +115 -114 -104 +116 -110 +108 -102 -121 -109 +96 +95)
(+1 +2 +3 +4 +5 +6 +7 +8 +9 +10 +11 +12 +13 +14 +15 +16 +17 +18 +19 +20 +21 +22 +23 +24 +25 +26 +27 +28 +29 +30 +31 +32 +33 +34 +35 +36 +37 +38 +39 +40 +41 +42 +43 +44 +45 +46 +47 +48 +49 +50 +51 +52 +53 +54 +55 +56 +57 +58 +59 +60 +61 +62 +63 +64 +65 +66 +67 +68 +69 +70 +71 +72 +73 +74 +75 +76 +77 +78 +79 +80 +81 +82 +83 +84 +85 +86 +87 +88 +89 +90 +91 +92 +93 +94 +122 +100 +106 -103 +113 -99 -118 -117 +119 -111 +97 -120 +107 +112 +101 +98 -105 +115 -114 -104 +116 -110 +108 -102 -121 -109 +96 +95)
(+1 +2 +3 +4 +5 +6 +7 +8 +9 +10 +11 +12 +13 +14 +15 +16 +17 +18 +19 +20 +21 +22 +23 +24 +25 +26 +27 +28 +29 +30 +31 +32 +33 +34 +35 +36 +37 +38 +39 +40 +41 +42 +43 +44 +45 +46 +47 +48 +49 +50 +51 +52 +53 +54 +55 +56 +57 +58 +59 +60 +61 +62 +63 +64 +65 +66 +67 +68 +69 +70 +71 +72 +73 +74 +75 +76 +77 +78 +79 +80 +81 +82 +83 +84 +85 +86 +87 +88 +89 +90 +91 +92 +93 +94 -95 -96 +109 +121 +102 -108 +110 -116 +104 +114 -115 +105 -98 -101 -112 -107 +120 -97 +111 -119 +117 +118 +99 -113 +103 -106 -100 -122)
(+1 +2 +3 +4 +5 +6 +7 +8 +9 +10 +11 +12 +13 +14 +15 +16 +17 +18 +19 +20 +21 +22 +23 +24 +25 +26 +27 +28 +29 +30 +31 +32 +33 +34 +35 +36 +37 +38 +39 +40 +41 +42 +43 +44 +45 +46 +47 +48 +49 +50 +51 +52 +53 +54 +55 +56 +57 +58 +59 +60 +61 +62 +63 +64 +65 +66 +67 +68 +69 +70 +71 +72 +73 +74 +75 +76 +77 +78 +79 +80 +81 +82 +83 +84 +85 +86 +87 +88 +89 +90 +91 +92 +93 +94 +95 -96 +109 +121 +102 -108 +110 -116 +104 +114 -115 +105 -98 -101 -112 -107 +120 -97 +111 -119 +117 +118 +99 -113 +103 -106 -100 -122)
(+1 +2 +3 +4 +5 +6 +7 +8 +9 +10 +11 +12 +13 +14 +15 +16 +17 +18 +19 +20 +21 +22 +23 +24 +25 +26 +27 +28 +29 +30 +31 +32 +33 +34 +35 +36 +37 +38 +39 +40 +41 +42 +43 +44 +45 +46 +47 +48 +49 +50 +51 +52 +53 +54 +55 +56 +57 +58 +59 +60 +61 +62 +63 +64 +65 +66 +67 +68 +69 +70 +71 +72 +73 +74 +75 +76 +77 +78 +79 +80 +81 +82 +83 +84 +85 +86 +87 +88 +89 +90 +91 +92 +93 +94 +95 +96 +109 +121 +102 -108 +110 -116 +104 +114 -115 +105 -98 -101 -112 -107 +120 -97 +111 -119 +117 +118 +99 -113 +103 -106 -100 -122)
(+1 +2 +3 +4 +5 +6 +7 +8 +9 +10 +11 +12 +13 +14 +15 +16 +17 +18 +19 +20 +21 +22 +23 +24 +25 +26 +27 +28 +29 +30 +31 +32 +33 +34 +35 +36 +37 +38 +39 +40 +41 +42 +43 +44 +45 +46 +47 +48 +49 +50 +51 +52 +53 +54 +55 +56 +57 +58 +59 +60 +61 +62 +63 +64 +65 +66 +67 +68 +69 +70 +71 +72 +73 +74 +75 +76 +77 +78 +79 +80 +81 +82 +83 +84 +85 +86 +87 +88 +89 +90 +91 +92 +93 +94 +95 +96 +97 -120 +107 +112 +101 +98 -105 +115 -114 -104 +116 -110 +108 -102 -121 -109 +111 -119 +117 +118 +99 -113 +103 -106 -100 -122)
(+1 +2 +3 +4 +5 +6 +7 +8 +9 +10 +11 +12 +13 +14 +15 +16 +17 +18 +19 +20 +21 +22 +23 +24 +25 +26 +27 +28 +29 +30 +31 +32 +33 +34 +35 +36 +37 +38 +39 +40 +41 +42 +43 +44 +45 +46 +47 +48 +49 +50 +51 +52 +53 +54 +55 +56 +57 +58 +59 +60 +61 +62 +63 +64 +65 +66 +67 +68 +69 +70 +71 +72 +73 +74 +75 +76 +77 +78 +79 +80 +81 +82 +83 +84 +85 +86 +87 +88 +89 +90 +91 +92 +93 +94 +95 +96 +97 -98 -101 -112 -107 +120 -105 +115 -114 -104 +116 -110 +108 -102 -121 -109 +111 -119 +117 +118 +99 -113 +103 -106 -100 -122)
(+1 +2 +3 +4 +5 +6 +7 +8 +9 +10 +11 +12 +13 +14 +15 +16 +17 +18 +19 +20 +21 +22 +23 +24 +25 +26 +27 +28 +29 +30 +31 +32 +33 +34 +35 +36 +37 +38 +39 +40 +41 +42 +43 +44 +45 +46 +47 +48 +49 +50 +51 +52 +53 +54 +55 +56 +57 +58 +59 +60 +61 +62 +63 +64 +65 +66 +67 +68 +69 +70 +71 +72 +73 +74 +75 +76 +77 +78 +79 +80 +81 +82 +83 +84 +85 +86 +87 +88 +89 +90 +91 +92 +93 +94 +95 +96 +97 +98 -101 -112 -107 +120 -105 +115 -114 -104 +116 -110 +108 -102 -121 -109 +111 -119 +117 +118 +99 -113 +103 -106 -100 -122)
(+1 +2 +3 +4 +5 +6 +7 +8 +9 +10 +11 +12 +13 +14 +15 +16 +17 +18 +19 +20 +21 +22 +23 +24 +25 +26 +27 +28 +29 +30 +31 +32 +33 +34 +35 +36 +37 +38 +39 +40 +41 +42 +43 +44 +45 +46 +47 +48 +49 +50 +51 +52 +53 +54 +55 +56 +57 +58 +59 +60 +61 +62 +63 +64 +65 +66 +67 +68 +69 +70 +71 +72 +73 +74 +75 +76 +77 +78 +79 +80 +81 +82 +83 +84 +85 +86 +87 +88 +89 +90 +91 +92 +93 +94 +95 +96 +97 +98 -99 -118 -117 +119 -111 +109 +121 +102 -108 +110 -116 +104 +114 -115 +105 -120 +107 +112 +101 -113 +103 -106 -100 -122)
(+1 +2 +3 +4 +5 +6 +7 +8 +9 +10 +11 +12 +13 +14 +15 +16 +17 +18 +19 +20 +21 +22 +23 +24 +25 +26 +27 +28 +29 +30 +31 +32 +33 +34 +35 +36 +37 +38 +39 +40 +41 +42 +43 +44 +45 +46 +47 +48 +49 +50 +51 +52 +53 +54 +55 +56 +57 +58 +59 +60 +61 +62 +63 +64 +65 +66 +67 +68 +69 +70 +71 +72 +73 +74 +75 +76 +77 +78 +79 +80 +81 +82 +83 +84 +85 +86 +87 +88 +89 +90 +91 +92 +93 +94 +95 +96 +97 +98 +99 -118 -117 +119 -111 +109 +121 +102 -108 +110 -116 +104 +114 -115 +105 -120 +107 +112 +101 -113 +103 -106 -100 -122)
(+1 +2 +3 +4 +5 +6 +7 +8 +9 +10 +11 +12 +13 +14 +15 +16 +17 +18 +19 +20 +21 +22 +23 +24 +25 +26 +27 +28 +29 +30 +31 +32 +33 +34 +35 +36 +37 +38 +39 +40 +41 +42 +43 +44 +45 +46 +47 +48 +49 +50 +51 +52 +53 +54 +55 +56 +57 +58 +59 +60 +61 +62 +63 +64 +65 +66 +67 +68 +69 +70 +71 +72 +73 +74 +75 +76 +77 +78 +79 +80 +81 +82 +83 +84 +85 +86 +87 +88 +89 +90 +91 +92 +93 +94 +95 +96 +97 +98 +99 +100 +106 -103 +113 -101 -112 -107 +120 -105 +115 -114 -104 +116 -110 +108 -102 -121 -109 +111 -119 +117 +118 -122)
(+1 +2 +3 +4 +5 +6 +7 +8 +9 +10 +11 +12 +13 +14 +15 +16 +17 +18 +19 +20 +21 +22 +23 +24 +25 +26 +27 +28 +29 +30 +31 +32 +33 +34 +35 +36 +37 +38 +39 +40 +41 +42 +43 +44 +45 +46 +47 +48 +49 +50 +51 +52 +53 +54 +55 +56 +57 +58 +59 +60 +61 +62 +63 +64 +65 +66 +67 +68 +69 +70 +71 +72 +73 +74 +75 +76 +77 +78 +79 +80 +81 +82 +83 +84 +85 +86 +87 +88 +89 +90 +91 +92 +93 +94 +95 +96 +97 +98 +99 +100 +101 -113 +103 -106 -112 -107 +120 -105 +115 -114 -104 +116 -110 +108 -102 -121 -109 +111 -119 +117 +118 -122)
(+1 +2 +3 +4 +5 +6 +7 +8 +9 +10 +11 +12 +13 +14 +15 +16 +17 +18 +19 +20 +21 +22 +23 +24 +25 +26 +27 +28 +29 +30 +31 +32 +33 +34 +35 +36 +37 +38 +39 +40 +41 +42 +43 +44 +45 +46 +47 +48 +49 +50 +51 +52 +53 +54 +55 +56 +57 +58 +59 +60 +61 +62 +63 +64 +65 +66 +67 +68 +69 +70 +71 +72 +73 +74 +75 +76 +77 +78 +79 +80 +81 +82 +83 +84 +85 +86 +87 +88 +89 +90 +91 +92 +93 +94 +95 +96 +97 +98 +99 +100 +101 +102 -108 +110 -116 +104 +114 -115 +105 -120 +107 +112 +106 -103 +113 -121 -109 +111 -119 +117 +118 -122)
(+1 +2 +3 +4 +5 +6 +7 +8 +9 +10 +11 +12 +13 +14 +15 +16 +17 +18 +19 +20 +21 +22 +23 +24 +25 +26 +27 +28 +29 +30 +31 +32 +33 +34 +35 +36 +37 +38 +39 +40 +41 +42 +43 +44 +45 +46 +47 +48 +49 +50 +51 +52 +53 +54 +55 +56 +57 +58 +59 +60 +61 +62 +63 +64 +65 +66 +67 +68 +69 +70 +71 +72 +73 +74 +75 +76 +77 +78 +79 +80 +81 +82 +83 +84 +85 +86 +87 +88 +89 +90 +91 +92 +93 +94 +95 +96 +97 +98 +99 +100 +101 +102 +103 -106 -112 -107 +120 -105 +115 -114 -104 +116 -110 +108 +113 -121 -109 +111 -119 +117 +118 -122)
(+1 +2 +3 +4 +5 +6 +7 +8 +9 +10 +11 +12 +13 +14 +15 +16 +17 +18 +19 +20 +21 +22 +23 +24 +25 +26 +27 +28 +29 +30 +31 +32 +33 +34 +35 +36 +37 +38 +39 +40 +41 +42 +43 +44 +45 +46 +47 +48 +49 +50 +51 +52 +53 +54 +55 +56 +57 +58 +59 +60 +61 +62 +63 +64 +65 +66 +67 +68 +69 +70 +71 +72 +73 +74 +75 +76 +77 +78 +79 +80 +81 +82 +83 +84 +85 +86 +87 +88 +89 +90 +91 +92 +93 +94 +95 +96 +97 +98 +99 +100 +101 +102 +103 +104 +114 -115 +105 -120 +107 +112 +106 +116 -110 +108 +113 -121 -109 +111 -119 +117 +118 -122)
(+1 +2 +3 +4 +5 +6 +7 +8 +9 +10 +11 +12 +13 +14 +15 +16 +17 +18 +19 +20 +21 +22 +23 +24 +25 +26 +27 +28 +29 +30 +31 +32 +33 +34 +35 +36 +37 +38 +39 +40 +41 +42 +43 +44 +45 +46 +47 +48 +49 +50 +51 +52 +53 +54 +55 +56 +57 +58 +59 +60 +61 +62 +63 +64 +65 +66 +67 +68 +69 +70 +71 +72 +73 +74 +75 +76 +77 +78 +79 +80 +81 +82 +83 +84 +85 +86 +87 +88 +89 +90 +91 +92 +93 +94 +95 +96 +97 +98 +99 +100 +101 +102 +103 +104 -105 +115 -114 -120 +107 +112 +106 +116 -110 +108 +113 -121 -109 +111 -119 +117 +118 -122)
(+1 +2 +3 +4 +5 +6 +7 +8 +9 +10 +11 +12 +13 +14 +15 +16 +17 +18 +19 +20 +21 +22 +23 +24 +25 +26 +27 +28 +29 +30 +31 +32 +33 +34 +35 +36 +37 +38 +39 +40 +41 +42 +43 +44 +45 +46 +47 +48 +49 +50 +51 +52 +53 +54 +55 +56 +57 +58 +59 +60 +61 +62 +63 +64 +65 +66 +67 +68 +69 +70 +71 +72 +73 +74 +75 +76 +77 +78 +79 +80 +81 +82 +83 +84 +85 +86 +87 +88 +89 +90 +91 +92 +93 +94 +95 +96 +97 +98 +99 +100 +101 +102 +103 +104 +105 +115 -114 -120 +107 +112 +106 +116 -110 +108 +113 -121 -109 +111 -119 +117 +118 -122)
(+1 +2 +3 +4 +5 +6 +7 +8 +9 +10 +11 +12 +13 +14 +15 +16 +17 +18 +19 +20 +21 +22 +23 +24 +25 +26 +27 +28 +29 +30 +31 +32 +33 +34 +35 +36 +37 +38 +39 +40 +41 +42 +43 +44 +45 +46 +47 +48 +49 +50 +51 +52 +53 +54 +55 +56 +57 +58 +59 +60 +61 +62 +63 +64 +65 +66 +67 +68 +69 +70 +71 +72 +73 +74 +75 +76 +77 +78 +79 +80 +81 +82 +83 +84 +85 +86 +87 +88 +89 +90 +91 +92 +93 +94 +95 +96 +97 +98 +99 +100 +101 +102 +103 +104 +105 -106 -112 -107 +120 +114 -115 +116 -110 +108 +113 -121 -109 +111 -119 +117 +118 -122)
(+1 +2 +3 +4 +5 +6 +7 +8 +9 +10 +11 +12 +13 +14 +15 +16 +17 +18 +19 +20 +21 +22 +23 +24 +25 +26 +27 +28 +29 +30 +31 +32 +33 +34 +35 +36 +37 +38 +39 +40 +41 +42 +43 +44 +45 +46 +47 +48 +49 +50 +51 +52 +53 +54 +55 +56 +57 +58 +59 +60 +61 +62 +63 +64 +65 +66 +67 +68 +69 +70 +71 +72 +73 +74 +75 +76 +77 +78 +79 +80 +81 +82 +83 +84 +85 +86 +87 +88 +89 +90 +91 +92 +93 +94 +95 +96 +97 +98 +99 +100 +101 +102 +103 +104 +105 +106 -112 -107 +120 +114 -115 +116 -110 +108 +113 -121 -109 +111 -119 +117 +118 -122)
(+1 +2 +3 +4 +5 +6 +7 +8 +9 +10 +11 +12 +13 +14 +15 +16 +17 +18 +19 +20 +21 +22 +23 +24 +25 +26 +27 +28 +29 +30 +31 +32 +33 +34 +35 +36 +37 +38 +39 +40 +41 +42 +43 +44 +45 +46 +47 +48 +49 +50 +51 +52 +53 +54 +55 +56 +57 +58 +59 +60 +61 +62 +63 +64 +65 +66 +67 +68 +69 +70 +71 +72 +73 +74 +75 +76 +77 +78 +79 +80 +81 +82 +83 +84 +85 +86 +87 +88 +89 +90 +91 +92 +93 +94 +95 +96 +97 +98 +99 +100 +101 +102 +103 +104 +105 +106 +107 +112 +120 +114 -115 +116 -110 +108 +113 -121 -109 +111 -119 +117 +118 -122)
(+1 +2 +3 +4 +5 +6 +7 +8 +9 +10 +11 +12 +13 +14 +15 +16 +17 +18 +19 +20 +21 +22 +23 +24 +25 +26 +27 +28 +29 +30 +31 +32 +33 +34 +35 +36 +37 +38 +39 +40 +41 +42 +43 +44 +45 +46 +47 +48 +49 +50 +51 +52 +53 +54 +55 +56 +57 +58 +59 +60 +61 +62 +63 +64 +65 +66 +67 +68 +69 +70 +71 +72 +73 +74 +75 +76 +77 +78 +79 +80 +81 +82 +83 +84 +85 +86 +87 +88 +89 +90 +91 +92 +93 +94 +95 +96 +97 +98 +99 +100 +101 +102 +103 +104 +105 +106 +107 -108 +110 -116 +115 -114 -120 -112 +113 -121 -109 +111 -119 +117 +118 -122)
(+1 +2 +3 +4 +5 +6 +7 +8 +9 +10 +11 +12 +13 +14 +15 +16 +17 +18 +19 +20 +21 +22 +23 +24 +25 +26 +27 +28 +29 +30 +31 +32 +33 +34 +35 +36 +37 +38 +39 +40 +41 +42 +43 +44 +45 +46 +47 +48 +49 +50 +51 +52 +53 +54 +55 +56 +57 +58 +59 +60 +61 +62 +63 +64 +65 +66 +67 +68 +69 +70 +71 +72 +73 +74 +75 +76 +77 +78 +79 +80 +81 +82 +83 +84 +85 +86 +87 +88 +89 +90 +91 +92 +93 +94 +95 +96 +97 +98 +99 +100 +101 +102 +103 +104 +105 +106 +107 +108 +110 -116 +115 -114 -120 -112 +113 -121 -109 +111 -119 +117 +118 -122)
(+1 +2 +3 +4 +5 +6 +7 +8 +9 +10 +11 +12 +13 +14 +15 +16 +17 +18 +19 +20 +21 +22 +23 +24 +25 +26 +27 +28 +29 +30 +31 +32 +33 +34 +35 +36 +37 +38 +39 +40 +41 +42 +43 +44 +45 +46 +47 +48 +49 +50 +51 +52 +53 +54 +55 +56 +57 +58 +59 +60 +61 +62 +63 +64 +65 +66 +67 +68 +69 +70 +71 +72 +73 +74 +75 +76 +77 +78 +79 +80 +81 +82 +83 +84 +85 +86 +87 +88 +89 +90 +91 +92 +93 +94 +95 +96 +97 +98 +99 +100 +101 +102 +103 +104 +105 +106 +107 +108 +109 +121 -113 +112 +120 +114 -115 +116 -110 +111 -119 +117 +118 -122)
(+1 +2 +3 +4 +5 +6 +7 +8 +9 +10 +11 +12 +13 +14 +15 +16 +17 +18 +19 +20 +21 +22 +23 +24 +25 +26 +27 +28 +29 +30 +31 +32 +33 +34 +35 +36 +37 +38 +39 +40 +41 +42 +43 +44 +45 +46 +47 +48 +49 +50 +51 +52 +53 +54 +55 +56 +57 +58 +59 +60 +61 +62 +63 +64 +65 +66 +67 +68 +69 +70 +71 +72 +73 +74 +75 +76 +77 +78 +79 +80 +81 +82 +83 +84 +85 +86 +87 +88 +89 +90 +91 +92 +93 +94 +95 +96 +97 +98 +99 +100 +101 +102 +103 +104 +105 +106 +107 +108 +109 +110 -116 +115 -114 -120 -112 +113 -121 +111 -119 +117 +118 -122)
(+1 +2 +3 +4 +5 +6 +7 +8 +9 +10 +11 +12 +13 +14 +15 +16 +17 +18 +19 +20 +21 +22 +23 +24 +25 +26 +27 +28 +29 +30 +31 +32 +33 +34 +35 +36 +37 +38 +39 +40 +41 +42 +43 +44 +45 +46 +47 +48 +49 +50 +51 +52 +53 +54 +55 +56 +57 +58 +59 +60 +61 +62 +63 +64 +65 +66 +67 +68 +69 +70 +71 +72 +73 +74 +75 +76 +77 +78 +79 +80 +81 +82 +83 +84 +85 +86 +87 +88 +89 +90 +91 +92 +93 +94 +95 +96 +97 +98 +99 +100 +101 +102 +103 +104 +105 +106 +107 +108 +109 +110 -111 +121 -113 +112 +120 +114 -115 +116 -119 +117 +118 -122)
(+1 +2 +3 +4 +5 +6 +7 +8 +9 +10 +11 +12 +13 +14 +15 +16 +17 +18 +19 +20 +21 +22 +23 +24 +25 +26 +27 +28 +29 +30 +31 +32 +33 +34 +35 +36 +37 +38 +39 +40 +41 +42 +43 +44 +45 +46 +47 +48 +49 +50 +51 +52 +53 +54 +55 +56 +57 +58 +59 +60 +61 +62 +63 +64 +65 +66 +67 +68 +69 +70 +71 +72 +73 +74 +75 +76 +77 +78 +79 +80 +81 +82 +83 +84 +85 +86 +87 +88 +89 +90 +91 +92 +93 +94 +95 +96 +97 +98 +99 +100 +101 +102 +103 +104 +105 +106 +107 +108 +109 +110 +111 +121 -113 +112 +120 +114 -115 +116 -119 +117 +118 -122)
(+1 +2 +3 +4 +5 +6 +7 +8 +9 +10 +11 +12 +13 +14 +15 +16 +17 +18 +19 +20 +21 +22 +23 +24 +25 +26 +27 +28 +29 +30 +31 +32 +33 +34 +35 +36 +37 +38 +39 +40 +41 +42 +43 +44 +45 +46 +47 +48 +49 +50 +51 +52 +53 +54 +55 +56 +57 +58 +59 +60 +61 +62 +63 +64 +65 +66 +67 +68 +69 +70 +71 +72 +73 +74 +75 +76 +77 +78 +79 +80 +81 +82 +83 +84 +85 +86 +87 +88 +89 +90 +91 +92 +93 +94 +95 +96 +97 +98 +99 +100 +101 +102 +103 +104 +105 +106 +107 +108 +109 +110 +111 -112 +113 -121 +120 +114 -115 +116 -119 +117 +118 -122)
(+1 +2 +3 +4 +5 +6 +7 +8 +9 +10 +11 +12 +13 +14 +15 +16 +17 +18 +19 +20 +21 +22 +23 +24 +25 +26 +27 +28 +29 +30 +31 +32 +33 +34 +35 +36 +37 +38 +39 +40 +41 +42 +43 +44 +45 +46 +47 +48 +49 +50 +51 +52 +53 +54 +55 +56 +57 +58 +59 +60 +61 +62 +63 +64 +65 +66 +67 +68 +69 +70 +71 +72 +73 +74 +75 +76 +77 +78 +79 +80 +81 +82 +83 +84 +85 +86 +87 +88 +89 +90 +91 +92 +93 +94 +95 +96 +97 +98 +99 +100 +101 +102 +103 +104 +105 +106 +107 +108 +109 +110 +111 +112 +113 -121 +120 +114 -115 +116 -119 +117 +118 -122)
(+1 +2 +3 +4 +5 +6 +7 +8 +9 +10 +11 +12 +13 +14 +15 +16 +17 +18 +19 +20 +21 +22 +23 +24 +25 +26 +27 +28 +29 +30 +31 +32 +33 +34 +35 +36 +37 +38 +39 +40 +41 +42 +43 +44 +45 +46 +47 +48 +49 +50 +51 +52 +53 +54 +55 +56 +57 +58 +59 +60 +61 +62 +63 +64 +65 +66 +67 +68 +69 +70 +71 +72 +73 +74 +75 +76 +77 +78 +79 +80 +81 +82 +83 +84 +85 +86 +87 +88 +89 +90 +91 +92 +93 +94 +95 +96 +97 +98 +99 +100 +101 +102 +103 +104 +105 +106 +107 +108 +109 +110 +111 +112 +113 -114 -120 +121 -115 +116 -119 +117 +118 -122)
(+1 +2 +3 +4 +5 +6 +7 +8 +9 +10 +11 +12 +13 +14 +15 +16 +17 +18 +19 +20 +21 +22 +23 +24 +25 +26 +27 +28 +29 +30 +31 +32 +33 +34 +35 +36 +37 +38 +39 +40 +41 +42 +43 +44 +45 +46 +47 +48 +49 +50 +51 +52 +53 +54 +55 +56 +57 +58 +59 +60 +61 +62 +63 +64 +65 +66 +67 +68 +69 +70 +71 +72 +73 +74 +75 +76 +77 +78 +79 +80 +81 +82 +83 +84 +85 +86 +87 +88 +89 +90 +91 +92 +93 +94 +95 +96 +97 +98 +99 +100 +101 +102 +103 +104 +105 +106 +107 +108 +109 +110 +111 +112 +113 +114 -120 +121 -115 +116 -119 +117 +118 -122)
(+1 +2 +3 +4 +5 +6 +7 +8 +9 +10 +11 +12 +13 +14 +15 +16 +17 +18 +19 +20 +21 +22 +23 +24 +25 +26 +27 +28 +29 +30 +31 +32 +33 +34 +35 +36 +37 +38 +39 +40 +41 +42 +43 +44 +45 +46 +47 +48 +49 +50 +51 +52 +53 +54 +55 +56 +57 +58 +59 +60 +61 +62 +63 +64 +65 +66 +67 +68 +69 +70 +71 +72 +73 +74 +75 +76 +77 +78 +79 +80 +81 +82 +83 +84 +85 +86 +87 +88 +89 +90 +91 +92 +93 +94 +95 +96 +97 +98 +99 +100 +101 +102 +103 +104 +105 +106 +107 +108 +109 +110 +111 +112 +113 +114 +115 -121 +120 +116 -119 +117 +118 -122)
(+1 +2 +3 +4 +5 +6 +7 +8 +9 +10 +11 +12 +13 +14 +15 +16 +17 +18 +19 +20 +21 +22 +23 +24 +25 +26 +27 +28 +29 +30 +31 +32 +33 +34 +35 +36 +37 +38 +39 +40 +41 +42 +43 +44 +45 +46 +47 +48 +49 +50 +51 +52 +53 +54 +55 +56 +57 +58 +59 +60 +61 +62 +63 +64 +65 +66 +67 +68 +69 +70 +71 +72 +73 +74 +75 +76 +77 +78 +79 +80 +81 +82 +83 +84 +85 +86 +87 +88 +89 +90 +91 +92 +93 +94 +95 +96 +97 +98 +99 +100 +101 +102 +103 +104 +105 +106 +107 +108 +109 +110 +111 +112 +113 +114 +115 -116 -120 +121 -119 +117 +118 -122)
(+1 +2 +3 +4 +5 +6 +7 +8 +9 +10 +11 +12 +13 +14 +15 +16 +17 +18 +19 +20 +21 +22 +23 +24 +25 +26 +27 +28 +29 +30 +31 +32 +33 +34 +35 +36 +37 +38 +39 +40 +41 +42 +43 +44 +45 +46 +47 +48 +49 +50 +51 +52 +53 +54 +55 +56 +57 +58 +59 +60 +61 +62 +63 +64 +65 +66 +67 +68 +69 +70 +71 +72 +73 +74 +75 +76 +77 +78 +79 +80 +81 +82 +83 +84 +85 +86 +87 +88 +89 +90 +91 +92 +93 +94 +95 +96 +97 +98 +99 +100 +101 +102 +103 +104 +105 +106 +107 +108 +109 +110 +111 +112 +113 +114 +115 +116 -120 +121 -119 +117 +118 -122)
(+1 +2 +3 +4 +5 +6 +7 +8 +9 +10 +11 +12 +13 +14 +15 +16 +17 +18 +19 +20 +21 +22 +23 +24 +25 +26 +27 +28 +29 +30 +31 +32 +33 +34 +35 +36 +37 +38 +39 +40 +41 +42 +43 +44 +45 +46 +47 +48 +49 +50 +51 +52 +53 +54 +55 +56 +57 +58 +59 +60 +61 +62 +63 +64 +65 +66 +67 +68 +69 +70 +71 +72 +73 +74 +75 +76 +77 +78 +79 +80 +81 +82 +83 +84 +85 +86 +87 +88 +89 +90 +91 +92 +93 +94 +95 +96 +97 +98 +99 +100 +101 +102 +103 +104 +105 +106 +107 +108 +109 +110 +111 +112 +113 +114 +115 +116 -117 +119 -121 +120 +118 -122)
(+1 +2 +3 +4 +5 +6 +7 +8 +9 +10 +11 +12 +13 +14 +15 +16 +17 +18 +19 +20 +21 +22 +23 +24 +25 +26 +27 +28 +29 +30 +31 +32 +33 +34 +35 +36 +37 +38 +39 +40 +41 +42 +43 +44 +45 +46 +47 +48 +49 +50 +51 +52 +53 +54 +55 +56 +57 +58 +59 +60 +61 +62 +63 +64 +65 +66 +67 +68 +69 +70 +71 +72 +73 +74 +75 +76 +77 +78 +79 +80 +81 +82 +83 +84 +85 +86 +87 +88 +89 +90 +91 +92 +93 +94 +95 +96 +97 +98 +99 +100 +101 +102 +103 +104 +105 +106 +107 +108 +109 +110 +111 +112 +113 +114 +115 +116 +117 +119 -121 +120 +118 -122)
(+1 +2 +3 +4 +5 +6 +7 +8 +9 +10 +11 +12 +13 +14 +15 +16 +17 +18 +19 +20 +21 +22 +23 +24 +25 +26 +27 +28 +29 +30 +31 +32 +33 +34 +35 +36 +37 +38 +39 +40 +41 +42 +43 +44 +45 +46 +47 +48 +49 +50 +51 +52 +53 +54 +55 +56 +57 +58 +59 +60 +61 +62 +63 +64 +65 +66 +67 +68 +69 +70 +71 +72 +73 +74 +75 +76 +77 +78 +79 +80 +81 +82 +83 +84 +85 +86 +87 +88 +89 +90 +91 +92 +93 +94 +95 +96 +97 +98 +99 +100 +101 +102 +103 +104 +105 +106 +107 +108 +109 +110 +111 +112 +113 +114 +115 +116 +117 -118 -120 +121 -119 -122)
(+1 +2 +3 +4 +5 +6 +7 +8 +9 +10 +11 +12 +13 +14 +15 +16 +17 +18 +19 +20 +21 +22 +23 +24 +25 +26 +27 +28 +29 +30 +31 +32 +33 +34 +35 +36 +37 +38 +39 +40 +41 +42 +43 +44 +45 +46 +47 +48 +49 +50 +51 +52 +53 +54 +55 +56 +57 +58 +59 +60 +61 +62 +63 +64 +65 +66 +67 +68 +69 +70 +71 +72 +73 +74 +75 +76 +77 +78 +79 +80 +81 +82 +83 +84 +85 +86 +87 +88 +89 +90 +91 +92 +93 +94 +95 +96 +97 +98 +99 +100 +101 +102 +103 +104 +105 +106 +107 +108 +109 +110 +111 +112 +113 +114 +115 +116 +117 +118 -120 +121 -119 -122)
(+1 +2 +3 +4 +5 +6 +7 +8 +9 +10 +11 +12 +13 +14 +15 +16 +17 +18 +19 +20 +21 +22 +23 +24 +25 +26 +27 +28 +29 +30 +31 +32 +33 +34 +35 +36 +37 +38 +39 +40 +41 +42 +43 +44 +45 +46 +47 +48 +49 +50 +51 +52 +53 +54 +55 +56 +57 +58 +59 +60 +61 +62 +63 +64 +65 +66 +67 +68 +69 +70 +71 +72 +73 +74 +75 +76 +77 +78 +79 +80 +81 +82 +83 +84 +85 +86 +87 +88 +89 +90 +91 +92 +93 +94 +95 +96 +97 +98 +99 +100 +101 +102 +103 +104 +105 +106 +107 +108 +109 +110 +111 +112 +113 +114 +115 +116 +117 +118 +119 -121 +120 -122)
(+1 +2 +3 +4 +5 +6 +7 +8 +9 +10 +11 +12 +13 +14 +15 +16 +17 +18 +19 +20 +21 +22 +23 +24 +25 +26 +27 +28 +29 +30 +31 +32 +33 +34 +35 +36 +37 +38 +39 +40 +41 +42 +43 +44 +45 +46 +47 +48 +49 +50 +51 +52 +53 +54 +55 +56 +57 +58 +59 +60 +61 +62 +63 +64 +65 +66 +67 +68 +69 +70 +71 +72 +73 +74 +75 +76 +77 +78 +79 +80 +81 +82 +83 +84 +85 +86 +87 +88 +89 +90 +91 +92 +93 +94 +95 +96 +97 +98 +99 +100 +101 +102 +103 +104 +105 +106 +107 +108 +109 +110 +111 +112 +113 +114 +115 +116 +117 +118 +119 -120 +121 -122)
(+1 +2 +3 +4 +5 +6 +7 +8 +9 +10 +11 +12 +13 +14 +15 +16 +17 +18 +19 +20 +21 +22 +23 +24 +25 +26 +27 +28 +29 +30 +31 +32 +33 +34 +35 +36 +37 +38 +39 +40 +41 +42 +43 +44 +45 +46 +47 +48 +49 +50 +51 +52 +53 +54 +55 +56 +57 +58 +59 +60 +61 +62 +63 +64 +65 +66 +67 +68 +69 +70 +71 +72 +73 +74 +75 +76 +77 +78 +79 +80 +81 +82 +83 +84 +85 +86 +87 +88 +89 +90 +91 +92 +93 +94 +95 +96 +97 +98 +99 +100 +101 +102 +103 +104 +105 +106 +107 +108 +109 +110 +111 +112 +113 +114 +115 +116 +117 +118 +119 +120 +121 -122)
(+1 +2 +3 +4 +5 +6 +7 +8 +9 +10 +11 +12 +13 +14 +15 +16 +17 +18 +19 +20 +21 +22 +23 +24 +25 +26 +27 +28 +29 +30 +31 +32 +33 +34 +35 +36 +37 +38 +39 +40 +41 +42 +43 +44 +45 +46 +47 +48 +49 +50 +51 +52 +53 +54 +55 +56 +57 +58 +59 +60 +61 +62 +63 +64 +65 +66 +67 +68 +69 +70 +71 +72 +73 +74 +75 +76 +77 +78 +79 +80 +81 +82 +83 +84 +85 +86 +87 +88 +89 +90 +91 +92 +93 +94 +95 +96 +97 +98 +99 +100 +101 +102 +103 +104 +105 +106 +107 +108 +109 +110 +111 +112 +113 +114 +115 +116 +117 +118 +119 +120 +121 +122)


